-20.00 8819.000000 
-19.99 8805.796399 
-19.98 8792.605592 
-19.97 8779.427573 
-19.96 8766.262336 
-19.95 8753.109875 
-19.94 8739.970184 
-19.93 8726.843257 
-19.92 8713.729088 
-19.91 8700.627671 
-19.90 8687.539000 
-19.89 8674.463069 
-19.88 8661.399872 
-19.87 8648.349403 
-19.86 8635.311656 
-19.85 8622.286625 
-19.84 8609.274304 
-19.83 8596.274687 
-19.82 8583.287768 
-19.81 8570.313541 
-19.80 8557.352000 
-19.79 8544.403139 
-19.78 8531.466952 
-19.77 8518.543433 
-19.76 8505.632576 
-19.75 8492.734375 
-19.74 8479.848824 
-19.73 8466.975917 
-19.72 8454.115648 
-19.71 8441.268011 
-19.70 8428.433000 
-19.69 8415.610609 
-19.68 8402.800832 
-19.67 8390.003663 
-19.66 8377.219096 
-19.65 8364.447125 
-19.64 8351.687744 
-19.63 8338.940947 
-19.62 8326.206728 
-19.61 8313.485081 
-19.60 8300.776000 
-19.59 8288.079479 
-19.58 8275.395512 
-19.57 8262.724093 
-19.56 8250.065216 
-19.55 8237.418875 
-19.54 8224.785064 
-19.53 8212.163777 
-19.52 8199.555008 
-19.51 8186.958751 
-19.50 8174.375000 
-19.49 8161.803749 
-19.48 8149.244992 
-19.47 8136.698723 
-19.46 8124.164936 
-19.45 8111.643625 
-19.44 8099.134784 
-19.43 8086.638407 
-19.42 8074.154488 
-19.41 8061.683021 
-19.40 8049.224000 
-19.39 8036.777419 
-19.38 8024.343272 
-19.37 8011.921553 
-19.36 7999.512256 
-19.35 7987.115375 
-19.34 7974.730904 
-19.33 7962.358837 
-19.32 7949.999168 
-19.31 7937.651891 
-19.30 7925.317000 
-19.29 7912.994489 
-19.28 7900.684352 
-19.27 7888.386583 
-19.26 7876.101176 
-19.25 7863.828125 
-19.24 7851.567424 
-19.23 7839.319067 
-19.22 7827.083048 
-19.21 7814.859361 
-19.20 7802.648000 
-19.19 7790.448959 
-19.18 7778.262232 
-19.17 7766.087813 
-19.16 7753.925696 
-19.15 7741.775875 
-19.14 7729.638344 
-19.13 7717.513097 
-19.12 7705.400128 
-19.11 7693.299431 
-19.10 7681.211000 
-19.09 7669.134829 
-19.08 7657.070912 
-19.07 7645.019243 
-19.06 7632.979816 
-19.05 7620.952625 
-19.04 7608.937664 
-19.03 7596.934927 
-19.02 7584.944408 
-19.01 7572.966101 
-19.00 7561.000000 
-18.99 7549.046099 
-18.98 7537.104392 
-18.97 7525.174873 
-18.96 7513.257536 
-18.95 7501.352375 
-18.94 7489.459384 
-18.93 7477.578557 
-18.92 7465.709888 
-18.91 7453.853371 
-18.90 7442.009000 
-18.89 7430.176769 
-18.88 7418.356672 
-18.87 7406.548703 
-18.86 7394.752856 
-18.85 7382.969125 
-18.84 7371.197504 
-18.83 7359.437987 
-18.82 7347.690568 
-18.81 7335.955241 
-18.80 7324.232000 
-18.79 7312.520839 
-18.78 7300.821752 
-18.77 7289.134733 
-18.76 7277.459776 
-18.75 7265.796875 
-18.74 7254.146024 
-18.73 7242.507217 
-18.72 7230.880448 
-18.71 7219.265711 
-18.70 7207.663000 
-18.69 7196.072309 
-18.68 7184.493632 
-18.67 7172.926963 
-18.66 7161.372296 
-18.65 7149.829625 
-18.64 7138.298944 
-18.63 7126.780247 
-18.62 7115.273528 
-18.61 7103.778781 
-18.60 7092.296000 
-18.59 7080.825179 
-18.58 7069.366312 
-18.57 7057.919393 
-18.56 7046.484416 
-18.55 7035.061375 
-18.54 7023.650264 
-18.53 7012.251077 
-18.52 7000.863808 
-18.51 6989.488451 
-18.50 6978.125000 
-18.49 6966.773449 
-18.48 6955.433792 
-18.47 6944.106023 
-18.46 6932.790136 
-18.45 6921.486125 
-18.44 6910.193984 
-18.43 6898.913707 
-18.42 6887.645288 
-18.41 6876.388721 
-18.40 6865.144000 
-18.39 6853.911119 
-18.38 6842.690072 
-18.37 6831.480853 
-18.36 6820.283456 
-18.35 6809.097875 
-18.34 6797.924104 
-18.33 6786.762137 
-18.32 6775.611968 
-18.31 6764.473591 
-18.30 6753.347000 
-18.29 6742.232189 
-18.28 6731.129152 
-18.27 6720.037883 
-18.26 6708.958376 
-18.25 6697.890625 
-18.24 6686.834624 
-18.23 6675.790367 
-18.22 6664.757848 
-18.21 6653.737061 
-18.20 6642.728000 
-18.19 6631.730659 
-18.18 6620.745032 
-18.17 6609.771113 
-18.16 6598.808896 
-18.15 6587.858375 
-18.14 6576.919544 
-18.13 6565.992397 
-18.12 6555.076928 
-18.11 6544.173131 
-18.10 6533.281000 
-18.09 6522.400529 
-18.08 6511.531712 
-18.07 6500.674543 
-18.06 6489.829016 
-18.05 6478.995125 
-18.04 6468.172864 
-18.03 6457.362227 
-18.02 6446.563208 
-18.01 6435.775801 
-18.00 6425.000000 
-17.99 6414.235799 
-17.98 6403.483192 
-17.97 6392.742173 
-17.96 6382.012736 
-17.95 6371.294875 
-17.94 6360.588584 
-17.93 6349.893857 
-17.92 6339.210688 
-17.91 6328.539071 
-17.90 6317.879000 
-17.89 6307.230469 
-17.88 6296.593472 
-17.87 6285.968003 
-17.86 6275.354056 
-17.85 6264.751625 
-17.84 6254.160704 
-17.83 6243.581287 
-17.82 6233.013368 
-17.81 6222.456941 
-17.80 6211.912000 
-17.79 6201.378539 
-17.78 6190.856552 
-17.77 6180.346033 
-17.76 6169.846976 
-17.75 6159.359375 
-17.74 6148.883224 
-17.73 6138.418517 
-17.72 6127.965248 
-17.71 6117.523411 
-17.70 6107.093000 
-17.69 6096.674009 
-17.68 6086.266432 
-17.67 6075.870263 
-17.66 6065.485496 
-17.65 6055.112125 
-17.64 6044.750144 
-17.63 6034.399547 
-17.62 6024.060328 
-17.61 6013.732481 
-17.60 6003.416000 
-17.59 5993.110879 
-17.58 5982.817112 
-17.57 5972.534693 
-17.56 5962.263616 
-17.55 5952.003875 
-17.54 5941.755464 
-17.53 5931.518377 
-17.52 5921.292608 
-17.51 5911.078151 
-17.50 5900.875000 
-17.49 5890.683149 
-17.48 5880.502592 
-17.47 5870.333323 
-17.46 5860.175336 
-17.45 5850.028625 
-17.44 5839.893184 
-17.43 5829.769007 
-17.42 5819.656088 
-17.41 5809.554421 
-17.40 5799.464000 
-17.39 5789.384819 
-17.38 5779.316872 
-17.37 5769.260153 
-17.36 5759.214656 
-17.35 5749.180375 
-17.34 5739.157304 
-17.33 5729.145437 
-17.32 5719.144768 
-17.31 5709.155291 
-17.30 5699.177000 
-17.29 5689.209889 
-17.28 5679.253952 
-17.27 5669.309183 
-17.26 5659.375576 
-17.25 5649.453125 
-17.24 5639.541824 
-17.23 5629.641667 
-17.22 5619.752648 
-17.21 5609.874761 
-17.20 5600.008000 
-17.19 5590.152359 
-17.18 5580.307832 
-17.17 5570.474413 
-17.16 5560.652096 
-17.15 5550.840875 
-17.14 5541.040744 
-17.13 5531.251697 
-17.12 5521.473728 
-17.11 5511.706831 
-17.10 5501.951000 
-17.09 5492.206229 
-17.08 5482.472512 
-17.07 5472.749843 
-17.06 5463.038216 
-17.05 5453.337625 
-17.04 5443.648064 
-17.03 5433.969527 
-17.02 5424.302008 
-17.01 5414.645501 
-17.00 5405.000000 
-16.99 5395.365499 
-16.98 5385.741992 
-16.97 5376.129473 
-16.96 5366.527936 
-16.95 5356.937375 
-16.94 5347.357784 
-16.93 5337.789157 
-16.92 5328.231488 
-16.91 5318.684771 
-16.90 5309.149000 
-16.89 5299.624169 
-16.88 5290.110272 
-16.87 5280.607303 
-16.86 5271.115256 
-16.85 5261.634125 
-16.84 5252.163904 
-16.83 5242.704587 
-16.82 5233.256168 
-16.81 5223.818641 
-16.80 5214.392000 
-16.79 5204.976239 
-16.78 5195.571352 
-16.77 5186.177333 
-16.76 5176.794176 
-16.75 5167.421875 
-16.74 5158.060424 
-16.73 5148.709817 
-16.72 5139.370048 
-16.71 5130.041111 
-16.70 5120.723000 
-16.69 5111.415709 
-16.68 5102.119232 
-16.67 5092.833563 
-16.66 5083.558696 
-16.65 5074.294625 
-16.64 5065.041344 
-16.63 5055.798847 
-16.62 5046.567128 
-16.61 5037.346181 
-16.60 5028.136000 
-16.59 5018.936579 
-16.58 5009.747912 
-16.57 5000.569993 
-16.56 4991.402816 
-16.55 4982.246375 
-16.54 4973.100664 
-16.53 4963.965677 
-16.52 4954.841408 
-16.51 4945.727851 
-16.50 4936.625000 
-16.49 4927.532849 
-16.48 4918.451392 
-16.47 4909.380623 
-16.46 4900.320536 
-16.45 4891.271125 
-16.44 4882.232384 
-16.43 4873.204307 
-16.42 4864.186888 
-16.41 4855.180121 
-16.40 4846.184000 
-16.39 4837.198519 
-16.38 4828.223672 
-16.37 4819.259453 
-16.36 4810.305856 
-16.35 4801.362875 
-16.34 4792.430504 
-16.33 4783.508737 
-16.32 4774.597568 
-16.31 4765.696991 
-16.30 4756.807000 
-16.29 4747.927589 
-16.28 4739.058752 
-16.27 4730.200483 
-16.26 4721.352776 
-16.25 4712.515625 
-16.24 4703.689024 
-16.23 4694.872967 
-16.22 4686.067448 
-16.21 4677.272461 
-16.20 4668.488000 
-16.19 4659.714059 
-16.18 4650.950632 
-16.17 4642.197713 
-16.16 4633.455296 
-16.15 4624.723375 
-16.14 4616.001944 
-16.13 4607.290997 
-16.12 4598.590528 
-16.11 4589.900531 
-16.10 4581.221000 
-16.09 4572.551929 
-16.08 4563.893312 
-16.07 4555.245143 
-16.06 4546.607416 
-16.05 4537.980125 
-16.04 4529.363264 
-16.03 4520.756827 
-16.02 4512.160808 
-16.01 4503.575201 
-16.00 4495.000000 
-15.99 4486.435199 
-15.98 4477.880792 
-15.97 4469.336773 
-15.96 4460.803136 
-15.95 4452.279875 
-15.94 4443.766984 
-15.93 4435.264457 
-15.92 4426.772288 
-15.91 4418.290471 
-15.90 4409.819000 
-15.89 4401.357869 
-15.88 4392.907072 
-15.87 4384.466603 
-15.86 4376.036456 
-15.85 4367.616625 
-15.84 4359.207104 
-15.83 4350.807887 
-15.82 4342.418968 
-15.81 4334.040341 
-15.80 4325.672000 
-15.79 4317.313939 
-15.78 4308.966152 
-15.77 4300.628633 
-15.76 4292.301376 
-15.75 4283.984375 
-15.74 4275.677624 
-15.73 4267.381117 
-15.72 4259.094848 
-15.71 4250.818811 
-15.70 4242.553000 
-15.69 4234.297409 
-15.68 4226.052032 
-15.67 4217.816863 
-15.66 4209.591896 
-15.65 4201.377125 
-15.64 4193.172544 
-15.63 4184.978147 
-15.62 4176.793928 
-15.61 4168.619881 
-15.60 4160.456000 
-15.59 4152.302279 
-15.58 4144.158712 
-15.57 4136.025293 
-15.56 4127.902016 
-15.55 4119.788875 
-15.54 4111.685864 
-15.53 4103.592977 
-15.52 4095.510208 
-15.51 4087.437551 
-15.50 4079.375000 
-15.49 4071.322549 
-15.48 4063.280192 
-15.47 4055.247923 
-15.46 4047.225736 
-15.45 4039.213625 
-15.44 4031.211584 
-15.43 4023.219607 
-15.42 4015.237688 
-15.41 4007.265821 
-15.40 3999.304000 
-15.39 3991.352219 
-15.38 3983.410472 
-15.37 3975.478753 
-15.36 3967.557056 
-15.35 3959.645375 
-15.34 3951.743704 
-15.33 3943.852037 
-15.32 3935.970368 
-15.31 3928.098691 
-15.30 3920.237000 
-15.29 3912.385289 
-15.28 3904.543552 
-15.27 3896.711783 
-15.26 3888.889976 
-15.25 3881.078125 
-15.24 3873.276224 
-15.23 3865.484267 
-15.22 3857.702248 
-15.21 3849.930161 
-15.20 3842.168000 
-15.19 3834.415759 
-15.18 3826.673432 
-15.17 3818.941013 
-15.16 3811.218496 
-15.15 3803.505875 
-15.14 3795.803144 
-15.13 3788.110297 
-15.12 3780.427328 
-15.11 3772.754231 
-15.10 3765.091000 
-15.09 3757.437629 
-15.08 3749.794112 
-15.07 3742.160443 
-15.06 3734.536616 
-15.05 3726.922625 
-15.04 3719.318464 
-15.03 3711.724127 
-15.02 3704.139608 
-15.01 3696.564901 
-15.00 3689.000000 
-14.99 3681.444899 
-14.98 3673.899592 
-14.97 3666.364073 
-14.96 3658.838336 
-14.95 3651.322375 
-14.94 3643.816184 
-14.93 3636.319757 
-14.92 3628.833088 
-14.91 3621.356171 
-14.90 3613.889000 
-14.89 3606.431569 
-14.88 3598.983872 
-14.87 3591.545903 
-14.86 3584.117656 
-14.85 3576.699125 
-14.84 3569.290304 
-14.83 3561.891187 
-14.82 3554.501768 
-14.81 3547.122041 
-14.80 3539.752000 
-14.79 3532.391639 
-14.78 3525.040952 
-14.77 3517.699933 
-14.76 3510.368576 
-14.75 3503.046875 
-14.74 3495.734824 
-14.73 3488.432417 
-14.72 3481.139648 
-14.71 3473.856511 
-14.70 3466.583000 
-14.69 3459.319109 
-14.68 3452.064832 
-14.67 3444.820163 
-14.66 3437.585096 
-14.65 3430.359625 
-14.64 3423.143744 
-14.63 3415.937447 
-14.62 3408.740728 
-14.61 3401.553581 
-14.60 3394.376000 
-14.59 3387.207979 
-14.58 3380.049512 
-14.57 3372.900593 
-14.56 3365.761216 
-14.55 3358.631375 
-14.54 3351.511064 
-14.53 3344.400277 
-14.52 3337.299008 
-14.51 3330.207251 
-14.50 3323.125000 
-14.49 3316.052249 
-14.48 3308.988992 
-14.47 3301.935223 
-14.46 3294.890936 
-14.45 3287.856125 
-14.44 3280.830784 
-14.43 3273.814907 
-14.42 3266.808488 
-14.41 3259.811521 
-14.40 3252.824000 
-14.39 3245.845919 
-14.38 3238.877272 
-14.37 3231.918053 
-14.36 3224.968256 
-14.35 3218.027875 
-14.34 3211.096904 
-14.33 3204.175337 
-14.32 3197.263168 
-14.31 3190.360391 
-14.30 3183.467000 
-14.29 3176.582989 
-14.28 3169.708352 
-14.27 3162.843083 
-14.26 3155.987176 
-14.25 3149.140625 
-14.24 3142.303424 
-14.23 3135.475567 
-14.22 3128.657048 
-14.21 3121.847861 
-14.20 3115.048000 
-14.19 3108.257459 
-14.18 3101.476232 
-14.17 3094.704313 
-14.16 3087.941696 
-14.15 3081.188375 
-14.14 3074.444344 
-14.13 3067.709597 
-14.12 3060.984128 
-14.11 3054.267931 
-14.10 3047.561000 
-14.09 3040.863329 
-14.08 3034.174912 
-14.07 3027.495743 
-14.06 3020.825816 
-14.05 3014.165125 
-14.04 3007.513664 
-14.03 3000.871427 
-14.02 2994.238408 
-14.01 2987.614601 
-14.00 2981.000000 
-13.99 2974.394599 
-13.98 2967.798392 
-13.97 2961.211373 
-13.96 2954.633536 
-13.95 2948.064875 
-13.94 2941.505384 
-13.93 2934.955057 
-13.92 2928.413888 
-13.91 2921.881871 
-13.90 2915.359000 
-13.89 2908.845269 
-13.88 2902.340672 
-13.87 2895.845203 
-13.86 2889.358856 
-13.85 2882.881625 
-13.84 2876.413504 
-13.83 2869.954487 
-13.82 2863.504568 
-13.81 2857.063741 
-13.80 2850.632000 
-13.79 2844.209339 
-13.78 2837.795752 
-13.77 2831.391233 
-13.76 2824.995776 
-13.75 2818.609375 
-13.74 2812.232024 
-13.73 2805.863717 
-13.72 2799.504448 
-13.71 2793.154211 
-13.70 2786.813000 
-13.69 2780.480809 
-13.68 2774.157632 
-13.67 2767.843463 
-13.66 2761.538296 
-13.65 2755.242125 
-13.64 2748.954944 
-13.63 2742.676747 
-13.62 2736.407528 
-13.61 2730.147281 
-13.60 2723.896000 
-13.59 2717.653679 
-13.58 2711.420312 
-13.57 2705.195893 
-13.56 2698.980416 
-13.55 2692.773875 
-13.54 2686.576264 
-13.53 2680.387577 
-13.52 2674.207808 
-13.51 2668.036951 
-13.50 2661.875000 
-13.49 2655.721949 
-13.48 2649.577792 
-13.47 2643.442523 
-13.46 2637.316136 
-13.45 2631.198625 
-13.44 2625.089984 
-13.43 2618.990207 
-13.42 2612.899288 
-13.41 2606.817221 
-13.40 2600.744000 
-13.39 2594.679619 
-13.38 2588.624072 
-13.37 2582.577353 
-13.36 2576.539456 
-13.35 2570.510375 
-13.34 2564.490104 
-13.33 2558.478637 
-13.32 2552.475968 
-13.31 2546.482091 
-13.30 2540.497000 
-13.29 2534.520689 
-13.28 2528.553152 
-13.27 2522.594383 
-13.26 2516.644376 
-13.25 2510.703125 
-13.24 2504.770624 
-13.23 2498.846867 
-13.22 2492.931848 
-13.21 2487.025561 
-13.20 2481.128000 
-13.19 2475.239159 
-13.18 2469.359032 
-13.17 2463.487613 
-13.16 2457.624896 
-13.15 2451.770875 
-13.14 2445.925544 
-13.13 2440.088897 
-13.12 2434.260928 
-13.11 2428.441631 
-13.10 2422.631000 
-13.09 2416.829029 
-13.08 2411.035712 
-13.07 2405.251043 
-13.06 2399.475016 
-13.05 2393.707625 
-13.04 2387.948864 
-13.03 2382.198727 
-13.02 2376.457208 
-13.01 2370.724301 
-13.00 2365.000000 
-12.99 2359.284299 
-12.98 2353.577192 
-12.97 2347.878673 
-12.96 2342.188736 
-12.95 2336.507375 
-12.94 2330.834584 
-12.93 2325.170357 
-12.92 2319.514688 
-12.91 2313.867571 
-12.90 2308.229000 
-12.89 2302.598969 
-12.88 2296.977472 
-12.87 2291.364503 
-12.86 2285.760056 
-12.85 2280.164125 
-12.84 2274.576704 
-12.83 2268.997787 
-12.82 2263.427368 
-12.81 2257.865441 
-12.80 2252.312000 
-12.79 2246.767039 
-12.78 2241.230552 
-12.77 2235.702533 
-12.76 2230.182976 
-12.75 2224.671875 
-12.74 2219.169224 
-12.73 2213.675017 
-12.72 2208.189248 
-12.71 2202.711911 
-12.70 2197.243000 
-12.69 2191.782509 
-12.68 2186.330432 
-12.67 2180.886763 
-12.66 2175.451496 
-12.65 2170.024625 
-12.64 2164.606144 
-12.63 2159.196047 
-12.62 2153.794328 
-12.61 2148.400981 
-12.60 2143.016000 
-12.59 2137.639379 
-12.58 2132.271112 
-12.57 2126.911193 
-12.56 2121.559616 
-12.55 2116.216375 
-12.54 2110.881464 
-12.53 2105.554877 
-12.52 2100.236608 
-12.51 2094.926651 
-12.50 2089.625000 
-12.49 2084.331649 
-12.48 2079.046592 
-12.47 2073.769823 
-12.46 2068.501336 
-12.45 2063.241125 
-12.44 2057.989184 
-12.43 2052.745507 
-12.42 2047.510088 
-12.41 2042.282921 
-12.40 2037.064000 
-12.39 2031.853319 
-12.38 2026.650872 
-12.37 2021.456653 
-12.36 2016.270656 
-12.35 2011.092875 
-12.34 2005.923304 
-12.33 2000.761937 
-12.32 1995.608768 
-12.31 1990.463791 
-12.30 1985.327000 
-12.29 1980.198389 
-12.28 1975.077952 
-12.27 1969.965683 
-12.26 1964.861576 
-12.25 1959.765625 
-12.24 1954.677824 
-12.23 1949.598167 
-12.22 1944.526648 
-12.21 1939.463261 
-12.20 1934.408000 
-12.19 1929.360859 
-12.18 1924.321832 
-12.17 1919.290913 
-12.16 1914.268096 
-12.15 1909.253375 
-12.14 1904.246744 
-12.13 1899.248197 
-12.12 1894.257728 
-12.11 1889.275331 
-12.10 1884.301000 
-12.09 1879.334729 
-12.08 1874.376512 
-12.07 1869.426343 
-12.06 1864.484216 
-12.05 1859.550125 
-12.04 1854.624064 
-12.03 1849.706027 
-12.02 1844.796008 
-12.01 1839.894001 
-12.00 1835.000000 
-11.99 1830.113999 
-11.98 1825.235992 
-11.97 1820.365973 
-11.96 1815.503936 
-11.95 1810.649875 
-11.94 1805.803784 
-11.93 1800.965657 
-11.92 1796.135488 
-11.91 1791.313271 
-11.90 1786.499000 
-11.89 1781.692669 
-11.88 1776.894272 
-11.87 1772.103803 
-11.86 1767.321256 
-11.85 1762.546625 
-11.84 1757.779904 
-11.83 1753.021087 
-11.82 1748.270168 
-11.81 1743.527141 
-11.80 1738.792000 
-11.79 1734.064739 
-11.78 1729.345352 
-11.77 1724.633833 
-11.76 1719.930176 
-11.75 1715.234375 
-11.74 1710.546424 
-11.73 1705.866317 
-11.72 1701.194048 
-11.71 1696.529611 
-11.70 1691.873000 
-11.69 1687.224209 
-11.68 1682.583232 
-11.67 1677.950063 
-11.66 1673.324696 
-11.65 1668.707125 
-11.64 1664.097344 
-11.63 1659.495347 
-11.62 1654.901128 
-11.61 1650.314681 
-11.60 1645.736000 
-11.59 1641.165079 
-11.58 1636.601912 
-11.57 1632.046493 
-11.56 1627.498816 
-11.55 1622.958875 
-11.54 1618.426664 
-11.53 1613.902177 
-11.52 1609.385408 
-11.51 1604.876351 
-11.50 1600.375000 
-11.49 1595.881349 
-11.48 1591.395392 
-11.47 1586.917123 
-11.46 1582.446536 
-11.45 1577.983625 
-11.44 1573.528384 
-11.43 1569.080807 
-11.42 1564.640888 
-11.41 1560.208621 
-11.40 1555.784000 
-11.39 1551.367019 
-11.38 1546.957672 
-11.37 1542.555953 
-11.36 1538.161856 
-11.35 1533.775375 
-11.34 1529.396504 
-11.33 1525.025237 
-11.32 1520.661568 
-11.31 1516.305491 
-11.30 1511.957000 
-11.29 1507.616089 
-11.28 1503.282752 
-11.27 1498.956983 
-11.26 1494.638776 
-11.25 1490.328125 
-11.24 1486.025024 
-11.23 1481.729467 
-11.22 1477.441448 
-11.21 1473.160961 
-11.20 1468.888000 
-11.19 1464.622559 
-11.18 1460.364632 
-11.17 1456.114213 
-11.16 1451.871296 
-11.15 1447.635875 
-11.14 1443.407944 
-11.13 1439.187497 
-11.12 1434.974528 
-11.11 1430.769031 
-11.10 1426.571000 
-11.09 1422.380429 
-11.08 1418.197312 
-11.07 1414.021643 
-11.06 1409.853416 
-11.05 1405.692625 
-11.04 1401.539264 
-11.03 1397.393327 
-11.02 1393.254808 
-11.01 1389.123701 
-11.00 1385.000000 
-10.99 1380.883699 
-10.98 1376.774792 
-10.97 1372.673273 
-10.96 1368.579136 
-10.95 1364.492375 
-10.94 1360.412984 
-10.93 1356.340957 
-10.92 1352.276288 
-10.91 1348.218971 
-10.90 1344.169000 
-10.89 1340.126369 
-10.88 1336.091072 
-10.87 1332.063103 
-10.86 1328.042456 
-10.85 1324.029125 
-10.84 1320.023104 
-10.83 1316.024387 
-10.82 1312.032968 
-10.81 1308.048841 
-10.80 1304.072000 
-10.79 1300.102439 
-10.78 1296.140152 
-10.77 1292.185133 
-10.76 1288.237376 
-10.75 1284.296875 
-10.74 1280.363624 
-10.73 1276.437617 
-10.72 1272.518848 
-10.71 1268.607311 
-10.70 1264.703000 
-10.69 1260.805909 
-10.68 1256.916032 
-10.67 1253.033363 
-10.66 1249.157896 
-10.65 1245.289625 
-10.64 1241.428544 
-10.63 1237.574647 
-10.62 1233.727928 
-10.61 1229.888381 
-10.60 1226.056000 
-10.59 1222.230779 
-10.58 1218.412712 
-10.57 1214.601793 
-10.56 1210.798016 
-10.55 1207.001375 
-10.54 1203.211864 
-10.53 1199.429477 
-10.52 1195.654208 
-10.51 1191.886051 
-10.50 1188.125000 
-10.49 1184.371049 
-10.48 1180.624192 
-10.47 1176.884423 
-10.46 1173.151736 
-10.45 1169.426125 
-10.44 1165.707584 
-10.43 1161.996107 
-10.42 1158.291688 
-10.41 1154.594321 
-10.40 1150.904000 
-10.39 1147.220719 
-10.38 1143.544472 
-10.37 1139.875253 
-10.36 1136.213056 
-10.35 1132.557875 
-10.34 1128.909704 
-10.33 1125.268537 
-10.32 1121.634368 
-10.31 1118.007191 
-10.30 1114.387000 
-10.29 1110.773789 
-10.28 1107.167552 
-10.27 1103.568283 
-10.26 1099.975976 
-10.25 1096.390625 
-10.24 1092.812224 
-10.23 1089.240767 
-10.22 1085.676248 
-10.21 1082.118661 
-10.20 1078.568000 
-10.19 1075.024259 
-10.18 1071.487432 
-10.17 1067.957513 
-10.16 1064.434496 
-10.15 1060.918375 
-10.14 1057.409144 
-10.13 1053.906797 
-10.12 1050.411328 
-10.11 1046.922731 
-10.10 1043.441000 
-10.09 1039.966129 
-10.08 1036.498112 
-10.07 1033.036943 
-10.06 1029.582616 
-10.05 1026.135125 
-10.04 1022.694464 
-10.03 1019.260627 
-10.02 1015.833608 
-10.01 1012.413401 
-10.00 1009.000000 
-9.99 1005.593399 
-9.98 1002.193592 
-9.97 998.800573 
-9.96 995.414336 
-9.95 992.034875 
-9.94 988.662184 
-9.93 985.296257 
-9.92 981.937088 
-9.91 978.584671 
-9.90 975.239000 
-9.89 971.900069 
-9.88 968.567872 
-9.87 965.242403 
-9.86 961.923656 
-9.85 958.611625 
-9.84 955.306304 
-9.83 952.007687 
-9.82 948.715768 
-9.81 945.430541 
-9.80 942.152000 
-9.79 938.880139 
-9.78 935.614952 
-9.77 932.356433 
-9.76 929.104576 
-9.75 925.859375 
-9.74 922.620824 
-9.73 919.388917 
-9.72 916.163648 
-9.71 912.945011 
-9.70 909.733000 
-9.69 906.527609 
-9.68 903.328832 
-9.67 900.136663 
-9.66 896.951096 
-9.65 893.772125 
-9.64 890.599744 
-9.63 887.433947 
-9.62 884.274728 
-9.61 881.122081 
-9.60 877.976000 
-9.59 874.836479 
-9.58 871.703512 
-9.57 868.577093 
-9.56 865.457216 
-9.55 862.343875 
-9.54 859.237064 
-9.53 856.136777 
-9.52 853.043008 
-9.51 849.955751 
-9.50 846.875000 
-9.49 843.800749 
-9.48 840.732992 
-9.47 837.671723 
-9.46 834.616936 
-9.45 831.568625 
-9.44 828.526784 
-9.43 825.491407 
-9.42 822.462488 
-9.41 819.440021 
-9.40 816.424000 
-9.39 813.414419 
-9.38 810.411272 
-9.37 807.414553 
-9.36 804.424256 
-9.35 801.440375 
-9.34 798.462904 
-9.33 795.491837 
-9.32 792.527168 
-9.31 789.568891 
-9.30 786.617000 
-9.29 783.671489 
-9.28 780.732352 
-9.27 777.799583 
-9.26 774.873176 
-9.25 771.953125 
-9.24 769.039424 
-9.23 766.132067 
-9.22 763.231048 
-9.21 760.336361 
-9.20 757.448000 
-9.19 754.565959 
-9.18 751.690232 
-9.17 748.820813 
-9.16 745.957696 
-9.15 743.100875 
-9.14 740.250344 
-9.13 737.406097 
-9.12 734.568128 
-9.11 731.736431 
-9.10 728.911000 
-9.09 726.091829 
-9.08 723.278912 
-9.07 720.472243 
-9.06 717.671816 
-9.05 714.877625 
-9.04 712.089664 
-9.03 709.307927 
-9.02 706.532408 
-9.01 703.763101 
-9.00 701.000000 
-8.99 698.243099 
-8.98 695.492392 
-8.97 692.747873 
-8.96 690.009536 
-8.95 687.277375 
-8.94 684.551384 
-8.93 681.831557 
-8.92 679.117888 
-8.91 676.410371 
-8.90 673.709000 
-8.89 671.013769 
-8.88 668.324672 
-8.87 665.641703 
-8.86 662.964856 
-8.85 660.294125 
-8.84 657.629504 
-8.83 654.970987 
-8.82 652.318568 
-8.81 649.672241 
-8.80 647.032000 
-8.79 644.397839 
-8.78 641.769752 
-8.77 639.147733 
-8.76 636.531776 
-8.75 633.921875 
-8.74 631.318024 
-8.73 628.720217 
-8.72 626.128448 
-8.71 623.542711 
-8.70 620.963000 
-8.69 618.389309 
-8.68 615.821632 
-8.67 613.259963 
-8.66 610.704296 
-8.65 608.154625 
-8.64 605.610944 
-8.63 603.073247 
-8.62 600.541528 
-8.61 598.015781 
-8.60 595.496000 
-8.59 592.982179 
-8.58 590.474312 
-8.57 587.972393 
-8.56 585.476416 
-8.55 582.986375 
-8.54 580.502264 
-8.53 578.024077 
-8.52 575.551808 
-8.51 573.085451 
-8.50 570.625000 
-8.49 568.170449 
-8.48 565.721792 
-8.47 563.279023 
-8.46 560.842136 
-8.45 558.411125 
-8.44 555.985984 
-8.43 553.566707 
-8.42 551.153288 
-8.41 548.745721 
-8.40 546.344000 
-8.39 543.948119 
-8.38 541.558072 
-8.37 539.173853 
-8.36 536.795456 
-8.35 534.422875 
-8.34 532.056104 
-8.33 529.695137 
-8.32 527.339968 
-8.31 524.990591 
-8.30 522.647000 
-8.29 520.309189 
-8.28 517.977152 
-8.27 515.650883 
-8.26 513.330376 
-8.25 511.015625 
-8.24 508.706624 
-8.23 506.403367 
-8.22 504.105848 
-8.21 501.814061 
-8.20 499.528000 
-8.19 497.247659 
-8.18 494.973032 
-8.17 492.704113 
-8.16 490.440896 
-8.15 488.183375 
-8.14 485.931544 
-8.13 483.685397 
-8.12 481.444928 
-8.11 479.210131 
-8.10 476.981000 
-8.09 474.757529 
-8.08 472.539712 
-8.07 470.327543 
-8.06 468.121016 
-8.05 465.920125 
-8.04 463.724864 
-8.03 461.535227 
-8.02 459.351208 
-8.01 457.172801 
-8.00 455.000000 
-7.99 452.832799 
-7.98 450.671192 
-7.97 448.515173 
-7.96 446.364736 
-7.95 444.219875 
-7.94 442.080584 
-7.93 439.946857 
-7.92 437.818688 
-7.91 435.696071 
-7.90 433.579000 
-7.89 431.467469 
-7.88 429.361472 
-7.87 427.261003 
-7.86 425.166056 
-7.85 423.076625 
-7.84 420.992704 
-7.83 418.914287 
-7.82 416.841368 
-7.81 414.773941 
-7.80 412.712000 
-7.79 410.655539 
-7.78 408.604552 
-7.77 406.559033 
-7.76 404.518976 
-7.75 402.484375 
-7.74 400.455224 
-7.73 398.431517 
-7.72 396.413248 
-7.71 394.400411 
-7.70 392.393000 
-7.69 390.391009 
-7.68 388.394432 
-7.67 386.403263 
-7.66 384.417496 
-7.65 382.437125 
-7.64 380.462144 
-7.63 378.492547 
-7.62 376.528328 
-7.61 374.569481 
-7.60 372.616000 
-7.59 370.667879 
-7.58 368.725112 
-7.57 366.787693 
-7.56 364.855616 
-7.55 362.928875 
-7.54 361.007464 
-7.53 359.091377 
-7.52 357.180608 
-7.51 355.275151 
-7.50 353.375000 
-7.49 351.480149 
-7.48 349.590592 
-7.47 347.706323 
-7.46 345.827336 
-7.45 343.953625 
-7.44 342.085184 
-7.43 340.222007 
-7.42 338.364088 
-7.41 336.511421 
-7.40 334.664000 
-7.39 332.821819 
-7.38 330.984872 
-7.37 329.153153 
-7.36 327.326656 
-7.35 325.505375 
-7.34 323.689304 
-7.33 321.878437 
-7.32 320.072768 
-7.31 318.272291 
-7.30 316.477000 
-7.29 314.686889 
-7.28 312.901952 
-7.27 311.122183 
-7.26 309.347576 
-7.25 307.578125 
-7.24 305.813824 
-7.23 304.054667 
-7.22 302.300648 
-7.21 300.551761 
-7.20 298.808000 
-7.19 297.069359 
-7.18 295.335832 
-7.17 293.607413 
-7.16 291.884096 
-7.15 290.165875 
-7.14 288.452744 
-7.13 286.744697 
-7.12 285.041728 
-7.11 283.343831 
-7.10 281.651000 
-7.09 279.963229 
-7.08 278.280512 
-7.07 276.602843 
-7.06 274.930216 
-7.05 273.262625 
-7.04 271.600064 
-7.03 269.942527 
-7.02 268.290008 
-7.01 266.642501 
-7.00 265.000000 
-6.99 263.362499 
-6.98 261.729992 
-6.97 260.102473 
-6.96 258.479936 
-6.95 256.862375 
-6.94 255.249784 
-6.93 253.642157 
-6.92 252.039488 
-6.91 250.441771 
-6.90 248.849000 
-6.89 247.261169 
-6.88 245.678272 
-6.87 244.100303 
-6.86 242.527256 
-6.85 240.959125 
-6.84 239.395904 
-6.83 237.837587 
-6.82 236.284168 
-6.81 234.735641 
-6.80 233.192000 
-6.79 231.653239 
-6.78 230.119352 
-6.77 228.590333 
-6.76 227.066176 
-6.75 225.546875 
-6.74 224.032424 
-6.73 222.522817 
-6.72 221.018048 
-6.71 219.518111 
-6.70 218.023000 
-6.69 216.532709 
-6.68 215.047232 
-6.67 213.566563 
-6.66 212.090696 
-6.65 210.619625 
-6.64 209.153344 
-6.63 207.691847 
-6.62 206.235128 
-6.61 204.783181 
-6.60 203.336000 
-6.59 201.893579 
-6.58 200.455912 
-6.57 199.022993 
-6.56 197.594816 
-6.55 196.171375 
-6.54 194.752664 
-6.53 193.338677 
-6.52 191.929408 
-6.51 190.524851 
-6.50 189.125000 
-6.49 187.729849 
-6.48 186.339392 
-6.47 184.953623 
-6.46 183.572536 
-6.45 182.196125 
-6.44 180.824384 
-6.43 179.457307 
-6.42 178.094888 
-6.41 176.737121 
-6.40 175.384000 
-6.39 174.035519 
-6.38 172.691672 
-6.37 171.352453 
-6.36 170.017856 
-6.35 168.687875 
-6.34 167.362504 
-6.33 166.041737 
-6.32 164.725568 
-6.31 163.413991 
-6.30 162.107000 
-6.29 160.804589 
-6.28 159.506752 
-6.27 158.213483 
-6.26 156.924776 
-6.25 155.640625 
-6.24 154.361024 
-6.23 153.085967 
-6.22 151.815448 
-6.21 150.549461 
-6.20 149.288000 
-6.19 148.031059 
-6.18 146.778632 
-6.17 145.530713 
-6.16 144.287296 
-6.15 143.048375 
-6.14 141.813944 
-6.13 140.583997 
-6.12 139.358528 
-6.11 138.137531 
-6.10 136.921000 
-6.09 135.708929 
-6.08 134.501312 
-6.07 133.298143 
-6.06 132.099416 
-6.05 130.905125 
-6.04 129.715264 
-6.03 128.529827 
-6.02 127.348808 
-6.01 126.172201 
-6.00 125.000000 
-5.99 123.832199 
-5.98 122.668792 
-5.97 121.509773 
-5.96 120.355136 
-5.95 119.204875 
-5.94 118.058984 
-5.93 116.917457 
-5.92 115.780288 
-5.91 114.647471 
-5.90 113.519000 
-5.89 112.394869 
-5.88 111.275072 
-5.87 110.159603 
-5.86 109.048456 
-5.85 107.941625 
-5.84 106.839104 
-5.83 105.740887 
-5.82 104.646968 
-5.81 103.557341 
-5.80 102.472000 
-5.79 101.390939 
-5.78 100.314152 
-5.77 99.241633 
-5.76 98.173376 
-5.75 97.109375 
-5.74 96.049624 
-5.73 94.994117 
-5.72 93.942848 
-5.71 92.895811 
-5.70 91.853000 
-5.69 90.814409 
-5.68 89.780032 
-5.67 88.749863 
-5.66 87.723896 
-5.65 86.702125 
-5.64 85.684544 
-5.63 84.671147 
-5.62 83.661928 
-5.61 82.656881 
-5.60 81.656000 
-5.59 80.659279 
-5.58 79.666712 
-5.57 78.678293 
-5.56 77.694016 
-5.55 76.713875 
-5.54 75.737864 
-5.53 74.765977 
-5.52 73.798208 
-5.51 72.834551 
-5.50 71.875000 
-5.49 70.919549 
-5.48 69.968192 
-5.47 69.020923 
-5.46 68.077736 
-5.45 67.138625 
-5.44 66.203584 
-5.43 65.272607 
-5.42 64.345688 
-5.41 63.422821 
-5.40 62.504000 
-5.39 61.589219 
-5.38 60.678472 
-5.37 59.771753 
-5.36 58.869056 
-5.35 57.970375 
-5.34 57.075704 
-5.33 56.185037 
-5.32 55.298368 
-5.31 54.415691 
-5.30 53.537000 
-5.29 52.662289 
-5.28 51.791552 
-5.27 50.924783 
-5.26 50.061976 
-5.25 49.203125 
-5.24 48.348224 
-5.23 47.497267 
-5.22 46.650248 
-5.21 45.807161 
-5.20 44.968000 
-5.19 44.132759 
-5.18 43.301432 
-5.17 42.474013 
-5.16 41.650496 
-5.15 40.830875 
-5.14 40.015144 
-5.13 39.203297 
-5.12 38.395328 
-5.11 37.591231 
-5.10 36.791000 
-5.09 35.994629 
-5.08 35.202112 
-5.07 34.413443 
-5.06 33.628616 
-5.05 32.847625 
-5.04 32.070464 
-5.03 31.297127 
-5.02 30.527608 
-5.01 29.761901 
-5.00 29.000000 
-4.99 28.241899 
-4.98 27.487592 
-4.97 26.737073 
-4.96 25.990336 
-4.95 25.247375 
-4.94 24.508184 
-4.93 23.772757 
-4.92 23.041088 
-4.91 22.313171 
-4.90 21.589000 
-4.89 20.868569 
-4.88 20.151872 
-4.87 19.438903 
-4.86 18.729656 
-4.85 18.024125 
-4.84 17.322304 
-4.83 16.624187 
-4.82 15.929768 
-4.81 15.239041 
-4.80 14.552000 
-4.79 13.868639 
-4.78 13.188952 
-4.77 12.512933 
-4.76 11.840576 
-4.75 11.171875 
-4.74 10.506824 
-4.73 9.845417 
-4.72 9.187648 
-4.71 8.533511 
-4.70 7.883000 
-4.69 7.236109 
-4.68 6.592832 
-4.67 5.953163 
-4.66 5.317096 
-4.65 4.684625 
-4.64 4.055744 
-4.63 3.430447 
-4.62 2.808728 
-4.61 2.190581 
-4.60 1.576000 
-4.59 0.964979 
-4.58 0.357512 
-4.57 -0.246407 
-4.56 -0.846784 
-4.55 -1.443625 
-4.54 -2.036936 
-4.53 -2.626723 
-4.52 -3.212992 
-4.51 -3.795749 
-4.50 -4.375000 
-4.49 -4.950751 
-4.48 -5.523008 
-4.47 -6.091777 
-4.46 -6.657064 
-4.45 -7.218875 
-4.44 -7.777216 
-4.43 -8.332093 
-4.42 -8.883512 
-4.41 -9.431479 
-4.40 -9.976000 
-4.39 -10.517081 
-4.38 -11.054728 
-4.37 -11.588947 
-4.36 -12.119744 
-4.35 -12.647125 
-4.34 -13.171096 
-4.33 -13.691663 
-4.32 -14.208832 
-4.31 -14.722609 
-4.30 -15.233000 
-4.29 -15.740011 
-4.28 -16.243648 
-4.27 -16.743917 
-4.26 -17.240824 
-4.25 -17.734375 
-4.24 -18.224576 
-4.23 -18.711433 
-4.22 -19.194952 
-4.21 -19.675139 
-4.20 -20.152000 
-4.19 -20.625541 
-4.18 -21.095768 
-4.17 -21.562687 
-4.16 -22.026304 
-4.15 -22.486625 
-4.14 -22.943656 
-4.13 -23.397403 
-4.12 -23.847872 
-4.11 -24.295069 
-4.10 -24.739000 
-4.09 -25.179671 
-4.08 -25.617088 
-4.07 -26.051257 
-4.06 -26.482184 
-4.05 -26.909875 
-4.04 -27.334336 
-4.03 -27.755573 
-4.02 -28.173592 
-4.01 -28.588399 
-4.00 -29.000000 
-3.99 -29.408401 
-3.98 -29.813608 
-3.97 -30.215627 
-3.96 -30.614464 
-3.95 -31.010125 
-3.94 -31.402616 
-3.93 -31.791943 
-3.92 -32.178112 
-3.91 -32.561129 
-3.90 -32.941000 
-3.89 -33.317731 
-3.88 -33.691328 
-3.87 -34.061797 
-3.86 -34.429144 
-3.85 -34.793375 
-3.84 -35.154496 
-3.83 -35.512513 
-3.82 -35.867432 
-3.81 -36.219259 
-3.80 -36.568000 
-3.79 -36.913661 
-3.78 -37.256248 
-3.77 -37.595767 
-3.76 -37.932224 
-3.75 -38.265625 
-3.74 -38.595976 
-3.73 -38.923283 
-3.72 -39.247552 
-3.71 -39.568789 
-3.70 -39.887000 
-3.69 -40.202191 
-3.68 -40.514368 
-3.67 -40.823537 
-3.66 -41.129704 
-3.65 -41.432875 
-3.64 -41.733056 
-3.63 -42.030253 
-3.62 -42.324472 
-3.61 -42.615719 
-3.60 -42.904000 
-3.59 -43.189321 
-3.58 -43.471688 
-3.57 -43.751107 
-3.56 -44.027584 
-3.55 -44.301125 
-3.54 -44.571736 
-3.53 -44.839423 
-3.52 -45.104192 
-3.51 -45.366049 
-3.50 -45.625000 
-3.49 -45.881051 
-3.48 -46.134208 
-3.47 -46.384477 
-3.46 -46.631864 
-3.45 -46.876375 
-3.44 -47.118016 
-3.43 -47.356793 
-3.42 -47.592712 
-3.41 -47.825779 
-3.40 -48.056000 
-3.39 -48.283381 
-3.38 -48.507928 
-3.37 -48.729647 
-3.36 -48.948544 
-3.35 -49.164625 
-3.34 -49.377896 
-3.33 -49.588363 
-3.32 -49.796032 
-3.31 -50.000909 
-3.30 -50.203000 
-3.29 -50.402311 
-3.28 -50.598848 
-3.27 -50.792617 
-3.26 -50.983624 
-3.25 -51.171875 
-3.24 -51.357376 
-3.23 -51.540133 
-3.22 -51.720152 
-3.21 -51.897439 
-3.20 -52.072000 
-3.19 -52.243841 
-3.18 -52.412968 
-3.17 -52.579387 
-3.16 -52.743104 
-3.15 -52.904125 
-3.14 -53.062456 
-3.13 -53.218103 
-3.12 -53.371072 
-3.11 -53.521369 
-3.10 -53.669000 
-3.09 -53.813971 
-3.08 -53.956288 
-3.07 -54.095957 
-3.06 -54.232984 
-3.05 -54.367375 
-3.04 -54.499136 
-3.03 -54.628273 
-3.02 -54.754792 
-3.01 -54.878699 
-3.00 -55.000000 
-2.99 -55.118701 
-2.98 -55.234808 
-2.97 -55.348327 
-2.96 -55.459264 
-2.95 -55.567625 
-2.94 -55.673416 
-2.93 -55.776643 
-2.92 -55.877312 
-2.91 -55.975429 
-2.90 -56.071000 
-2.89 -56.164031 
-2.88 -56.254528 
-2.87 -56.342497 
-2.86 -56.427944 
-2.85 -56.510875 
-2.84 -56.591296 
-2.83 -56.669213 
-2.82 -56.744632 
-2.81 -56.817559 
-2.80 -56.888000 
-2.79 -56.955961 
-2.78 -57.021448 
-2.77 -57.084467 
-2.76 -57.145024 
-2.75 -57.203125 
-2.74 -57.258776 
-2.73 -57.311983 
-2.72 -57.362752 
-2.71 -57.411089 
-2.70 -57.457000 
-2.69 -57.500491 
-2.68 -57.541568 
-2.67 -57.580237 
-2.66 -57.616504 
-2.65 -57.650375 
-2.64 -57.681856 
-2.63 -57.710953 
-2.62 -57.737672 
-2.61 -57.762019 
-2.60 -57.784000 
-2.59 -57.803621 
-2.58 -57.820888 
-2.57 -57.835807 
-2.56 -57.848384 
-2.55 -57.858625 
-2.54 -57.866536 
-2.53 -57.872123 
-2.52 -57.875392 
-2.51 -57.876349 
-2.50 -57.875000 
-2.49 -57.871351 
-2.48 -57.865408 
-2.47 -57.857177 
-2.46 -57.846664 
-2.45 -57.833875 
-2.44 -57.818816 
-2.43 -57.801493 
-2.42 -57.781912 
-2.41 -57.760079 
-2.40 -57.736000 
-2.39 -57.709681 
-2.38 -57.681128 
-2.37 -57.650347 
-2.36 -57.617344 
-2.35 -57.582125 
-2.34 -57.544696 
-2.33 -57.505063 
-2.32 -57.463232 
-2.31 -57.419209 
-2.30 -57.373000 
-2.29 -57.324611 
-2.28 -57.274048 
-2.27 -57.221317 
-2.26 -57.166424 
-2.25 -57.109375 
-2.24 -57.050176 
-2.23 -56.988833 
-2.22 -56.925352 
-2.21 -56.859739 
-2.20 -56.792000 
-2.19 -56.722141 
-2.18 -56.650168 
-2.17 -56.576087 
-2.16 -56.499904 
-2.15 -56.421625 
-2.14 -56.341256 
-2.13 -56.258803 
-2.12 -56.174272 
-2.11 -56.087669 
-2.10 -55.999000 
-2.09 -55.908271 
-2.08 -55.815488 
-2.07 -55.720657 
-2.06 -55.623784 
-2.05 -55.524875 
-2.04 -55.423936 
-2.03 -55.320973 
-2.02 -55.215992 
-2.01 -55.108999 
-2.00 -55.000000 
-1.99 -54.889001 
-1.98 -54.776008 
-1.97 -54.661027 
-1.96 -54.544064 
-1.95 -54.425125 
-1.94 -54.304216 
-1.93 -54.181343 
-1.92 -54.056512 
-1.91 -53.929729 
-1.90 -53.801000 
-1.89 -53.670331 
-1.88 -53.537728 
-1.87 -53.403197 
-1.86 -53.266744 
-1.85 -53.128375 
-1.84 -52.988096 
-1.83 -52.845913 
-1.82 -52.701832 
-1.81 -52.555859 
-1.80 -52.408000 
-1.79 -52.258261 
-1.78 -52.106648 
-1.77 -51.953167 
-1.76 -51.797824 
-1.75 -51.640625 
-1.74 -51.481576 
-1.73 -51.320683 
-1.72 -51.157952 
-1.71 -50.993389 
-1.70 -50.827000 
-1.69 -50.658791 
-1.68 -50.488768 
-1.67 -50.316937 
-1.66 -50.143304 
-1.65 -49.967875 
-1.64 -49.790656 
-1.63 -49.611653 
-1.62 -49.430872 
-1.61 -49.248319 
-1.60 -49.064000 
-1.59 -48.877921 
-1.58 -48.690088 
-1.57 -48.500507 
-1.56 -48.309184 
-1.55 -48.116125 
-1.54 -47.921336 
-1.53 -47.724823 
-1.52 -47.526592 
-1.51 -47.326649 
-1.50 -47.125000 
-1.49 -46.921651 
-1.48 -46.716608 
-1.47 -46.509877 
-1.46 -46.301464 
-1.45 -46.091375 
-1.44 -45.879616 
-1.43 -45.666193 
-1.42 -45.451112 
-1.41 -45.234379 
-1.40 -45.016000 
-1.39 -44.795981 
-1.38 -44.574328 
-1.37 -44.351047 
-1.36 -44.126144 
-1.35 -43.899625 
-1.34 -43.671496 
-1.33 -43.441763 
-1.32 -43.210432 
-1.31 -42.977509 
-1.30 -42.743000 
-1.29 -42.506911 
-1.28 -42.269248 
-1.27 -42.030017 
-1.26 -41.789224 
-1.25 -41.546875 
-1.24 -41.302976 
-1.23 -41.057533 
-1.22 -40.810552 
-1.21 -40.562039 
-1.20 -40.312000 
-1.19 -40.060441 
-1.18 -39.807368 
-1.17 -39.552787 
-1.16 -39.296704 
-1.15 -39.039125 
-1.14 -38.780056 
-1.13 -38.519503 
-1.12 -38.257472 
-1.11 -37.993969 
-1.10 -37.729000 
-1.09 -37.462571 
-1.08 -37.194688 
-1.07 -36.925357 
-1.06 -36.654584 
-1.05 -36.382375 
-1.04 -36.108736 
-1.03 -35.833673 
-1.02 -35.557192 
-1.01 -35.279299 
-1.00 -35.000000 
-0.99 -34.719301 
-0.98 -34.437208 
-0.97 -34.153727 
-0.96 -33.868864 
-0.95 -33.582625 
-0.94 -33.295016 
-0.93 -33.006043 
-0.92 -32.715712 
-0.91 -32.424029 
-0.90 -32.131000 
-0.89 -31.836631 
-0.88 -31.540928 
-0.87 -31.243897 
-0.86 -30.945544 
-0.85 -30.645875 
-0.84 -30.344896 
-0.83 -30.042613 
-0.82 -29.739032 
-0.81 -29.434159 
-0.80 -29.128000 
-0.79 -28.820561 
-0.78 -28.511848 
-0.77 -28.201867 
-0.76 -27.890624 
-0.75 -27.578125 
-0.74 -27.264376 
-0.73 -26.949383 
-0.72 -26.633152 
-0.71 -26.315689 
-0.70 -25.997000 
-0.69 -25.677091 
-0.68 -25.355968 
-0.67 -25.033637 
-0.66 -24.710104 
-0.65 -24.385375 
-0.64 -24.059456 
-0.63 -23.732353 
-0.62 -23.404072 
-0.61 -23.074619 
-0.60 -22.744000 
-0.59 -22.412221 
-0.58 -22.079288 
-0.57 -21.745207 
-0.56 -21.409984 
-0.55 -21.073625 
-0.54 -20.736136 
-0.53 -20.397523 
-0.52 -20.057792 
-0.51 -19.716949 
-0.50 -19.375000 
-0.49 -19.031951 
-0.48 -18.687808 
-0.47 -18.342577 
-0.46 -17.996264 
-0.45 -17.648875 
-0.44 -17.300416 
-0.43 -16.950893 
-0.42 -16.600312 
-0.41 -16.248679 
-0.40 -15.896000 
-0.39 -15.542281 
-0.38 -15.187528 
-0.37 -14.831747 
-0.36 -14.474944 
-0.35 -14.117125 
-0.34 -13.758296 
-0.33 -13.398463 
-0.32 -13.037632 
-0.31 -12.675809 
-0.30 -12.313000 
-0.29 -11.949211 
-0.28 -11.584448 
-0.27 -11.218717 
-0.26 -10.852024 
-0.25 -10.484375 
-0.24 -10.115776 
-0.23 -9.746233 
-0.22 -9.375752 
-0.21 -9.004339 
-0.20 -8.632000 
-0.19 -8.258741 
-0.18 -7.884568 
-0.17 -7.509487 
-0.16 -7.133504 
-0.15 -6.756625 
-0.14 -6.378856 
-0.13 -6.000203 
-0.12 -5.620672 
-0.11 -5.240269 
-0.10 -4.859000 
-0.09 -4.476871 
-0.08 -4.093888 
-0.07 -3.710057 
-0.06 -3.325384 
-0.05 -2.939875 
-0.04 -2.553536 
-0.03 -2.166373 
-0.02 -1.778392 
-0.01 -1.389599 
0.00 -1.000000 
0.01 -0.609601 
0.02 -0.218408 
0.03 0.173573 
0.04 0.566336 
0.05 0.959875 
0.06 1.354184 
0.07 1.749257 
0.08 2.145088 
0.09 2.541671 
0.10 2.939000 
0.11 3.337069 
0.12 3.735872 
0.13 4.135403 
0.14 4.535656 
0.15 4.936625 
0.16 5.338304 
0.17 5.740687 
0.18 6.143768 
0.19 6.547541 
0.20 6.952000 
0.21 7.357139 
0.22 7.762952 
0.23 8.169433 
0.24 8.576576 
0.25 8.984375 
0.26 9.392824 
0.27 9.801917 
0.28 10.211648 
0.29 10.622011 
0.30 11.033000 
0.31 11.444609 
0.32 11.856832 
0.33 12.269663 
0.34 12.683096 
0.35 13.097125 
0.36 13.511744 
0.37 13.926947 
0.38 14.342728 
0.39 14.759081 
0.40 15.176000 
0.41 15.593479 
0.42 16.011512 
0.43 16.430093 
0.44 16.849216 
0.45 17.268875 
0.46 17.689064 
0.47 18.109777 
0.48 18.531008 
0.49 18.952751 
0.50 19.375000 
0.51 19.797749 
0.52 20.220992 
0.53 20.644723 
0.54 21.068936 
0.55 21.493625 
0.56 21.918784 
0.57 22.344407 
0.58 22.770488 
0.59 23.197021 
0.60 23.624000 
0.61 24.051419 
0.62 24.479272 
0.63 24.907553 
0.64 25.336256 
0.65 25.765375 
0.66 26.194904 
0.67 26.624837 
0.68 27.055168 
0.69 27.485891 
0.70 27.917000 
0.71 28.348489 
0.72 28.780352 
0.73 29.212583 
0.74 29.645176 
0.75 30.078125 
0.76 30.511424 
0.77 30.945067 
0.78 31.379048 
0.79 31.813361 
0.80 32.248000 
0.81 32.682959 
0.82 33.118232 
0.83 33.553813 
0.84 33.989696 
0.85 34.425875 
0.86 34.862344 
0.87 35.299097 
0.88 35.736128 
0.89 36.173431 
0.90 36.611000 
0.91 37.048829 
0.92 37.486912 
0.93 37.925243 
0.94 38.363816 
0.95 38.802625 
0.96 39.241664 
0.97 39.680927 
0.98 40.120408 
0.99 40.560101 
1.00 41.000000 
1.01 41.440099 
1.02 41.880392 
1.03 42.320873 
1.04 42.761536 
1.05 43.202375 
1.06 43.643384 
1.07 44.084557 
1.08 44.525888 
1.09 44.967371 
1.10 45.409000 
1.11 45.850769 
1.12 46.292672 
1.13 46.734703 
1.14 47.176856 
1.15 47.619125 
1.16 48.061504 
1.17 48.503987 
1.18 48.946568 
1.19 49.389241 
1.20 49.832000 
1.21 50.274839 
1.22 50.717752 
1.23 51.160733 
1.24 51.603776 
1.25 52.046875 
1.26 52.490024 
1.27 52.933217 
1.28 53.376448 
1.29 53.819711 
1.30 54.263000 
1.31 54.706309 
1.32 55.149632 
1.33 55.592963 
1.34 56.036296 
1.35 56.479625 
1.36 56.922944 
1.37 57.366247 
1.38 57.809528 
1.39 58.252781 
1.40 58.696000 
1.41 59.139179 
1.42 59.582312 
1.43 60.025393 
1.44 60.468416 
1.45 60.911375 
1.46 61.354264 
1.47 61.797077 
1.48 62.239808 
1.49 62.682451 
1.50 63.125000 
1.51 63.567449 
1.52 64.009792 
1.53 64.452023 
1.54 64.894136 
1.55 65.336125 
1.56 65.777984 
1.57 66.219707 
1.58 66.661288 
1.59 67.102721 
1.60 67.544000 
1.61 67.985119 
1.62 68.426072 
1.63 68.866853 
1.64 69.307456 
1.65 69.747875 
1.66 70.188104 
1.67 70.628137 
1.68 71.067968 
1.69 71.507591 
1.70 71.947000 
1.71 72.386189 
1.72 72.825152 
1.73 73.263883 
1.74 73.702376 
1.75 74.140625 
1.76 74.578624 
1.77 75.016367 
1.78 75.453848 
1.79 75.891061 
1.80 76.328000 
1.81 76.764659 
1.82 77.201032 
1.83 77.637113 
1.84 78.072896 
1.85 78.508375 
1.86 78.943544 
1.87 79.378397 
1.88 79.812928 
1.89 80.247131 
1.90 80.681000 
1.91 81.114529 
1.92 81.547712 
1.93 81.980543 
1.94 82.413016 
1.95 82.845125 
1.96 83.276864 
1.97 83.708227 
1.98 84.139208 
1.99 84.569801 
2.00 85.000000 
2.01 85.429799 
2.02 85.859192 
2.03 86.288173 
2.04 86.716736 
2.05 87.144875 
2.06 87.572584 
2.07 87.999857 
2.08 88.426688 
2.09 88.853071 
2.10 89.279000 
2.11 89.704469 
2.12 90.129472 
2.13 90.554003 
2.14 90.978056 
2.15 91.401625 
2.16 91.824704 
2.17 92.247287 
2.18 92.669368 
2.19 93.090941 
2.20 93.512000 
2.21 93.932539 
2.22 94.352552 
2.23 94.772033 
2.24 95.190976 
2.25 95.609375 
2.26 96.027224 
2.27 96.444517 
2.28 96.861248 
2.29 97.277411 
2.30 97.693000 
2.31 98.108009 
2.32 98.522432 
2.33 98.936263 
2.34 99.349496 
2.35 99.762125 
2.36 100.174144 
2.37 100.585547 
2.38 100.996328 
2.39 101.406481 
2.40 101.816000 
2.41 102.224879 
2.42 102.633112 
2.43 103.040693 
2.44 103.447616 
2.45 103.853875 
2.46 104.259464 
2.47 104.664377 
2.48 105.068608 
2.49 105.472151 
2.50 105.875000 
2.51 106.277149 
2.52 106.678592 
2.53 107.079323 
2.54 107.479336 
2.55 107.878625 
2.56 108.277184 
2.57 108.675007 
2.58 109.072088 
2.59 109.468421 
2.60 109.864000 
2.61 110.258819 
2.62 110.652872 
2.63 111.046153 
2.64 111.438656 
2.65 111.830375 
2.66 112.221304 
2.67 112.611437 
2.68 113.000768 
2.69 113.389291 
2.70 113.777000 
2.71 114.163889 
2.72 114.549952 
2.73 114.935183 
2.74 115.319576 
2.75 115.703125 
2.76 116.085824 
2.77 116.467667 
2.78 116.848648 
2.79 117.228761 
2.80 117.608000 
2.81 117.986359 
2.82 118.363832 
2.83 118.740413 
2.84 119.116096 
2.85 119.490875 
2.86 119.864744 
2.87 120.237697 
2.88 120.609728 
2.89 120.980831 
2.90 121.351000 
2.91 121.720229 
2.92 122.088512 
2.93 122.455843 
2.94 122.822216 
2.95 123.187625 
2.96 123.552064 
2.97 123.915527 
2.98 124.278008 
2.99 124.639501 
3.00 125.000000 
3.01 125.359499 
3.02 125.717992 
3.03 126.075473 
3.04 126.431936 
3.05 126.787375 
3.06 127.141784 
3.07 127.495157 
3.08 127.847488 
3.09 128.198771 
3.10 128.549000 
3.11 128.898169 
3.12 129.246272 
3.13 129.593303 
3.14 129.939256 
3.15 130.284125 
3.16 130.627904 
3.17 130.970587 
3.18 131.312168 
3.19 131.652641 
3.20 131.992000 
3.21 132.330239 
3.22 132.667352 
3.23 133.003333 
3.24 133.338176 
3.25 133.671875 
3.26 134.004424 
3.27 134.335817 
3.28 134.666048 
3.29 134.995111 
3.30 135.323000 
3.31 135.649709 
3.32 135.975232 
3.33 136.299563 
3.34 136.622696 
3.35 136.944625 
3.36 137.265344 
3.37 137.584847 
3.38 137.903128 
3.39 138.220181 
3.40 138.536000 
3.41 138.850579 
3.42 139.163912 
3.43 139.475993 
3.44 139.786816 
3.45 140.096375 
3.46 140.404664 
3.47 140.711677 
3.48 141.017408 
3.49 141.321851 
3.50 141.625000 
3.51 141.926849 
3.52 142.227392 
3.53 142.526623 
3.54 142.824536 
3.55 143.121125 
3.56 143.416384 
3.57 143.710307 
3.58 144.002888 
3.59 144.294121 
3.60 144.584000 
3.61 144.872519 
3.62 145.159672 
3.63 145.445453 
3.64 145.729856 
3.65 146.012875 
3.66 146.294504 
3.67 146.574737 
3.68 146.853568 
3.69 147.130991 
3.70 147.407000 
3.71 147.681589 
3.72 147.954752 
3.73 148.226483 
3.74 148.496776 
3.75 148.765625 
3.76 149.033024 
3.77 149.298967 
3.78 149.563448 
3.79 149.826461 
3.80 150.088000 
3.81 150.348059 
3.82 150.606632 
3.83 150.863713 
3.84 151.119296 
3.85 151.373375 
3.86 151.625944 
3.87 151.876997 
3.88 152.126528 
3.89 152.374531 
3.90 152.621000 
3.91 152.865929 
3.92 153.109312 
3.93 153.351143 
3.94 153.591416 
3.95 153.830125 
3.96 154.067264 
3.97 154.302827 
3.98 154.536808 
3.99 154.769201 
4.00 155.000000 
4.01 155.229199 
4.02 155.456792 
4.03 155.682773 
4.04 155.907136 
4.05 156.129875 
4.06 156.350984 
4.07 156.570457 
4.08 156.788288 
4.09 157.004471 
4.10 157.219000 
4.11 157.431869 
4.12 157.643072 
4.13 157.852603 
4.14 158.060456 
4.15 158.266625 
4.16 158.471104 
4.17 158.673887 
4.18 158.874968 
4.19 159.074341 
4.20 159.272000 
4.21 159.467939 
4.22 159.662152 
4.23 159.854633 
4.24 160.045376 
4.25 160.234375 
4.26 160.421624 
4.27 160.607117 
4.28 160.790848 
4.29 160.972811 
4.30 161.153000 
4.31 161.331409 
4.32 161.508032 
4.33 161.682863 
4.34 161.855896 
4.35 162.027125 
4.36 162.196544 
4.37 162.364147 
4.38 162.529928 
4.39 162.693881 
4.40 162.856000 
4.41 163.016279 
4.42 163.174712 
4.43 163.331293 
4.44 163.486016 
4.45 163.638875 
4.46 163.789864 
4.47 163.938977 
4.48 164.086208 
4.49 164.231551 
4.50 164.375000 
4.51 164.516549 
4.52 164.656192 
4.53 164.793923 
4.54 164.929736 
4.55 165.063625 
4.56 165.195584 
4.57 165.325607 
4.58 165.453688 
4.59 165.579821 
4.60 165.704000 
4.61 165.826219 
4.62 165.946472 
4.63 166.064753 
4.64 166.181056 
4.65 166.295375 
4.66 166.407704 
4.67 166.518037 
4.68 166.626368 
4.69 166.732691 
4.70 166.837000 
4.71 166.939289 
4.72 167.039552 
4.73 167.137783 
4.74 167.233976 
4.75 167.328125 
4.76 167.420224 
4.77 167.510267 
4.78 167.598248 
4.79 167.684161 
4.80 167.768000 
4.81 167.849759 
4.82 167.929432 
4.83 168.007013 
4.84 168.082496 
4.85 168.155875 
4.86 168.227144 
4.87 168.296297 
4.88 168.363328 
4.89 168.428231 
4.90 168.491000 
4.91 168.551629 
4.92 168.610112 
4.93 168.666443 
4.94 168.720616 
4.95 168.772625 
4.96 168.822464 
4.97 168.870127 
4.98 168.915608 
4.99 168.958901 
5.00 169.000000 
5.01 169.038899 
5.02 169.075592 
5.03 169.110073 
5.04 169.142336 
5.05 169.172375 
5.06 169.200184 
5.07 169.225757 
5.08 169.249088 
5.09 169.270171 
5.10 169.289000 
5.11 169.305569 
5.12 169.319872 
5.13 169.331903 
5.14 169.341656 
5.15 169.349125 
5.16 169.354304 
5.17 169.357187 
5.18 169.357768 
5.19 169.356041 
5.20 169.352000 
5.21 169.345639 
5.22 169.336952 
5.23 169.325933 
5.24 169.312576 
5.25 169.296875 
5.26 169.278824 
5.27 169.258417 
5.28 169.235648 
5.29 169.210511 
5.30 169.183000 
5.31 169.153109 
5.32 169.120832 
5.33 169.086163 
5.34 169.049096 
5.35 169.009625 
5.36 168.967744 
5.37 168.923447 
5.38 168.876728 
5.39 168.827581 
5.40 168.776000 
5.41 168.721979 
5.42 168.665512 
5.43 168.606593 
5.44 168.545216 
5.45 168.481375 
5.46 168.415064 
5.47 168.346277 
5.48 168.275008 
5.49 168.201251 
5.50 168.125000 
5.51 168.046249 
5.52 167.964992 
5.53 167.881223 
5.54 167.794936 
5.55 167.706125 
5.56 167.614784 
5.57 167.520907 
5.58 167.424488 
5.59 167.325521 
5.60 167.224000 
5.61 167.119919 
5.62 167.013272 
5.63 166.904053 
5.64 166.792256 
5.65 166.677875 
5.66 166.560904 
5.67 166.441337 
5.68 166.319168 
5.69 166.194391 
5.70 166.067000 
5.71 165.936989 
5.72 165.804352 
5.73 165.669083 
5.74 165.531176 
5.75 165.390625 
5.76 165.247424 
5.77 165.101567 
5.78 164.953048 
5.79 164.801861 
5.80 164.648000 
5.81 164.491459 
5.82 164.332232 
5.83 164.170313 
5.84 164.005696 
5.85 163.838375 
5.86 163.668344 
5.87 163.495597 
5.88 163.320128 
5.89 163.141931 
5.90 162.961000 
5.91 162.777329 
5.92 162.590912 
5.93 162.401743 
5.94 162.209816 
5.95 162.015125 
5.96 161.817664 
5.97 161.617427 
5.98 161.414408 
5.99 161.208601 
6.00 161.000000 
6.01 160.788599 
6.02 160.574392 
6.03 160.357373 
6.04 160.137536 
6.05 159.914875 
6.06 159.689384 
6.07 159.461057 
6.08 159.229888 
6.09 158.995871 
6.10 158.759000 
6.11 158.519269 
6.12 158.276672 
6.13 158.031203 
6.14 157.782856 
6.15 157.531625 
6.16 157.277504 
6.17 157.020487 
6.18 156.760568 
6.19 156.497741 
6.20 156.232000 
6.21 155.963339 
6.22 155.691752 
6.23 155.417233 
6.24 155.139776 
6.25 154.859375 
6.26 154.576024 
6.27 154.289717 
6.28 154.000448 
6.29 153.708211 
6.30 153.413000 
6.31 153.114809 
6.32 152.813632 
6.33 152.509463 
6.34 152.202296 
6.35 151.892125 
6.36 151.578944 
6.37 151.262747 
6.38 150.943528 
6.39 150.621281 
6.40 150.296000 
6.41 149.967679 
6.42 149.636312 
6.43 149.301893 
6.44 148.964416 
6.45 148.623875 
6.46 148.280264 
6.47 147.933577 
6.48 147.583808 
6.49 147.230951 
6.50 146.875000 
6.51 146.515949 
6.52 146.153792 
6.53 145.788523 
6.54 145.420136 
6.55 145.048625 
6.56 144.673984 
6.57 144.296207 
6.58 143.915288 
6.59 143.531221 
6.60 143.144000 
6.61 142.753619 
6.62 142.360072 
6.63 141.963353 
6.64 141.563456 
6.65 141.160375 
6.66 140.754104 
6.67 140.344637 
6.68 139.931968 
6.69 139.516091 
6.70 139.097000 
6.71 138.674689 
6.72 138.249152 
6.73 137.820383 
6.74 137.388376 
6.75 136.953125 
6.76 136.514624 
6.77 136.072867 
6.78 135.627848 
6.79 135.179561 
6.80 134.728000 
6.81 134.273159 
6.82 133.815032 
6.83 133.353613 
6.84 132.888896 
6.85 132.420875 
6.86 131.949544 
6.87 131.474897 
6.88 130.996928 
6.89 130.515631 
6.90 130.031000 
6.91 129.543029 
6.92 129.051712 
6.93 128.557043 
6.94 128.059016 
6.95 127.557625 
6.96 127.052864 
6.97 126.544727 
6.98 126.033208 
6.99 125.518301 
7.00 125.000000 
7.01 124.478299 
7.02 123.953192 
7.03 123.424673 
7.04 122.892736 
7.05 122.357375 
7.06 121.818584 
7.07 121.276357 
7.08 120.730688 
7.09 120.181571 
7.10 119.629000 
7.11 119.072969 
7.12 118.513472 
7.13 117.950503 
7.14 117.384056 
7.15 116.814125 
7.16 116.240704 
7.17 115.663787 
7.18 115.083368 
7.19 114.499441 
7.20 113.912000 
7.21 113.321039 
7.22 112.726552 
7.23 112.128533 
7.24 111.526976 
7.25 110.921875 
7.26 110.313224 
7.27 109.701017 
7.28 109.085248 
7.29 108.465911 
7.30 107.843000 
7.31 107.216509 
7.32 106.586432 
7.33 105.952763 
7.34 105.315496 
7.35 104.674625 
7.36 104.030144 
7.37 103.382047 
7.38 102.730328 
7.39 102.074981 
7.40 101.416000 
7.41 100.753379 
7.42 100.087112 
7.43 99.417193 
7.44 98.743616 
7.45 98.066375 
7.46 97.385464 
7.47 96.700877 
7.48 96.012608 
7.49 95.320651 
7.50 94.625000 
7.51 93.925649 
7.52 93.222592 
7.53 92.515823 
7.54 91.805336 
7.55 91.091125 
7.56 90.373184 
7.57 89.651507 
7.58 88.926088 
7.59 88.196921 
7.60 87.464000 
7.61 86.727319 
7.62 85.986872 
7.63 85.242653 
7.64 84.494656 
7.65 83.742875 
7.66 82.987304 
7.67 82.227937 
7.68 81.464768 
7.69 80.697791 
7.70 79.927000 
7.71 79.152389 
7.72 78.373952 
7.73 77.591683 
7.74 76.805576 
7.75 76.015625 
7.76 75.221824 
7.77 74.424167 
7.78 73.622648 
7.79 72.817261 
7.80 72.008000 
7.81 71.194859 
7.82 70.377832 
7.83 69.556913 
7.84 68.732096 
7.85 67.903375 
7.86 67.070744 
7.87 66.234197 
7.88 65.393728 
7.89 64.549331 
7.90 63.701000 
7.91 62.848729 
7.92 61.992512 
7.93 61.132343 
7.94 60.268216 
7.95 59.400125 
7.96 58.528064 
7.97 57.652027 
7.98 56.772008 
7.99 55.888001 
8.00 55.000000 
8.01 54.107999 
8.02 53.211992 
8.03 52.311973 
8.04 51.407936 
8.05 50.499875 
8.06 49.587784 
8.07 48.671657 
8.08 47.751488 
8.09 46.827271 
8.10 45.899000 
8.11 44.966669 
8.12 44.030272 
8.13 43.089803 
8.14 42.145256 
8.15 41.196625 
8.16 40.243904 
8.17 39.287087 
8.18 38.326168 
8.19 37.361141 
8.20 36.392000 
8.21 35.418739 
8.22 34.441352 
8.23 33.459833 
8.24 32.474176 
8.25 31.484375 
8.26 30.490424 
8.27 29.492317 
8.28 28.490048 
8.29 27.483611 
8.30 26.473000 
8.31 25.458209 
8.32 24.439232 
8.33 23.416063 
8.34 22.388696 
8.35 21.357125 
8.36 20.321344 
8.37 19.281347 
8.38 18.237128 
8.39 17.188681 
8.40 16.136000 
8.41 15.079079 
8.42 14.017912 
8.43 12.952493 
8.44 11.882816 
8.45 10.808875 
8.46 9.730664 
8.47 8.648177 
8.48 7.561408 
8.49 6.470351 
8.50 5.375000 
8.51 4.275349 
8.52 3.171392 
8.53 2.063123 
8.54 0.950536 
8.55 -0.166375 
8.56 -1.287616 
8.57 -2.413193 
8.58 -3.543112 
8.59 -4.677379 
8.60 -5.816000 
8.61 -6.958981 
8.62 -8.106328 
8.63 -9.258047 
8.64 -10.414144 
8.65 -11.574625 
8.66 -12.739496 
8.67 -13.908763 
8.68 -15.082432 
8.69 -16.260509 
8.70 -17.443000 
8.71 -18.629911 
8.72 -19.821248 
8.73 -21.017017 
8.74 -22.217224 
8.75 -23.421875 
8.76 -24.630976 
8.77 -25.844533 
8.78 -27.062552 
8.79 -28.285039 
8.80 -29.512000 
8.81 -30.743441 
8.82 -31.979368 
8.83 -33.219787 
8.84 -34.464704 
8.85 -35.714125 
8.86 -36.968056 
8.87 -38.226503 
8.88 -39.489472 
8.89 -40.756969 
8.90 -42.029000 
8.91 -43.305571 
8.92 -44.586688 
8.93 -45.872357 
8.94 -47.162584 
8.95 -48.457375 
8.96 -49.756736 
8.97 -51.060673 
8.98 -52.369192 
8.99 -53.682299 
9.00 -55.000000 
9.01 -56.322301 
9.02 -57.649208 
9.03 -58.980727 
9.04 -60.316864 
9.05 -61.657625 
9.06 -63.003016 
9.07 -64.353043 
9.08 -65.707712 
9.09 -67.067029 
9.10 -68.431000 
9.11 -69.799631 
9.12 -71.172928 
9.13 -72.550897 
9.14 -73.933544 
9.15 -75.320875 
9.16 -76.712896 
9.17 -78.109613 
9.18 -79.511032 
9.19 -80.917159 
9.20 -82.328000 
9.21 -83.743561 
9.22 -85.163848 
9.23 -86.588867 
9.24 -88.018624 
9.25 -89.453125 
9.26 -90.892376 
9.27 -92.336383 
9.28 -93.785152 
9.29 -95.238689 
9.30 -96.697000 
9.31 -98.160091 
9.32 -99.627968 
9.33 -101.100637 
9.34 -102.578104 
9.35 -104.060375 
9.36 -105.547456 
9.37 -107.039353 
9.38 -108.536072 
9.39 -110.037619 
9.40 -111.544000 
9.41 -113.055221 
9.42 -114.571288 
9.43 -116.092207 
9.44 -117.617984 
9.45 -119.148625 
9.46 -120.684136 
9.47 -122.224523 
9.48 -123.769792 
9.49 -125.319949 
9.50 -126.875000 
9.51 -128.434951 
9.52 -129.999808 
9.53 -131.569577 
9.54 -133.144264 
9.55 -134.723875 
9.56 -136.308416 
9.57 -137.897893 
9.58 -139.492312 
9.59 -141.091679 
9.60 -142.696000 
9.61 -144.305281 
9.62 -145.919528 
9.63 -147.538747 
9.64 -149.162944 
9.65 -150.792125 
9.66 -152.426296 
9.67 -154.065463 
9.68 -155.709632 
9.69 -157.358809 
9.70 -159.013000 
9.71 -160.672211 
9.72 -162.336448 
9.73 -164.005717 
9.74 -165.680024 
9.75 -167.359375 
9.76 -169.043776 
9.77 -170.733233 
9.78 -172.427752 
9.79 -174.127339 
9.80 -175.832000 
9.81 -177.541741 
9.82 -179.256568 
9.83 -180.976487 
9.84 -182.701504 
9.85 -184.431625 
9.86 -186.166856 
9.87 -187.907203 
9.88 -189.652672 
9.89 -191.403269 
9.90 -193.159000 
9.91 -194.919871 
9.92 -196.685888 
9.93 -198.457057 
9.94 -200.233384 
9.95 -202.014875 
9.96 -203.801536 
9.97 -205.593373 
9.98 -207.390392 
9.99 -209.192599 
10.00 -211.000000 
10.01 -212.812601 
10.02 -214.630408 
10.03 -216.453427 
10.04 -218.281664 
10.05 -220.115125 
10.06 -221.953816 
10.07 -223.797743 
10.08 -225.646912 
10.09 -227.501329 
10.10 -229.361000 
10.11 -231.225931 
10.12 -233.096128 
10.13 -234.971597 
10.14 -236.852344 
10.15 -238.738375 
10.16 -240.629696 
10.17 -242.526313 
10.18 -244.428232 
10.19 -246.335459 
10.20 -248.248000 
10.21 -250.165861 
10.22 -252.089048 
10.23 -254.017567 
10.24 -255.951424 
10.25 -257.890625 
10.26 -259.835176 
10.27 -261.785083 
10.28 -263.740352 
10.29 -265.700989 
10.30 -267.667000 
10.31 -269.638391 
10.32 -271.615168 
10.33 -273.597337 
10.34 -275.584904 
10.35 -277.577875 
10.36 -279.576256 
10.37 -281.580053 
10.38 -283.589272 
10.39 -285.603919 
10.40 -287.624000 
10.41 -289.649521 
10.42 -291.680488 
10.43 -293.716907 
10.44 -295.758784 
10.45 -297.806125 
10.46 -299.858936 
10.47 -301.917223 
10.48 -303.980992 
10.49 -306.050249 
10.50 -308.125000 
10.51 -310.205251 
10.52 -312.291008 
10.53 -314.382277 
10.54 -316.479064 
10.55 -318.581375 
10.56 -320.689216 
10.57 -322.802593 
10.58 -324.921512 
10.59 -327.045979 
10.60 -329.176000 
10.61 -331.311581 
10.62 -333.452728 
10.63 -335.599447 
10.64 -337.751744 
10.65 -339.909625 
10.66 -342.073096 
10.67 -344.242163 
10.68 -346.416832 
10.69 -348.597109 
10.70 -350.783000 
10.71 -352.974511 
10.72 -355.171648 
10.73 -357.374417 
10.74 -359.582824 
10.75 -361.796875 
10.76 -364.016576 
10.77 -366.241933 
10.78 -368.472952 
10.79 -370.709639 
10.80 -372.952000 
10.81 -375.200041 
10.82 -377.453768 
10.83 -379.713187 
10.84 -381.978304 
10.85 -384.249125 
10.86 -386.525656 
10.87 -388.807903 
10.88 -391.095872 
10.89 -393.389569 
10.90 -395.689000 
10.91 -397.994171 
10.92 -400.305088 
10.93 -402.621757 
10.94 -404.944184 
10.95 -407.272375 
10.96 -409.606336 
10.97 -411.946073 
10.98 -414.291592 
10.99 -416.642899 
11.00 -419.000000 
11.01 -421.362901 
11.02 -423.731608 
11.03 -426.106127 
11.04 -428.486464 
11.05 -430.872625 
11.06 -433.264616 
11.07 -435.662443 
11.08 -438.066112 
11.09 -440.475629 
11.10 -442.891000 
11.11 -445.312231 
11.12 -447.739328 
11.13 -450.172297 
11.14 -452.611144 
11.15 -455.055875 
11.16 -457.506496 
11.17 -459.963013 
11.18 -462.425432 
11.19 -464.893759 
11.20 -467.368000 
11.21 -469.848161 
11.22 -472.334248 
11.23 -474.826267 
11.24 -477.324224 
11.25 -479.828125 
11.26 -482.337976 
11.27 -484.853783 
11.28 -487.375552 
11.29 -489.903289 
11.30 -492.437000 
11.31 -494.976691 
11.32 -497.522368 
11.33 -500.074037 
11.34 -502.631704 
11.35 -505.195375 
11.36 -507.765056 
11.37 -510.340753 
11.38 -512.922472 
11.39 -515.510219 
11.40 -518.104000 
11.41 -520.703821 
11.42 -523.309688 
11.43 -525.921607 
11.44 -528.539584 
11.45 -531.163625 
11.46 -533.793736 
11.47 -536.429923 
11.48 -539.072192 
11.49 -541.720549 
11.50 -544.375000 
11.51 -547.035551 
11.52 -549.702208 
11.53 -552.374977 
11.54 -555.053864 
11.55 -557.738875 
11.56 -560.430016 
11.57 -563.127293 
11.58 -565.830712 
11.59 -568.540279 
11.60 -571.256000 
11.61 -573.977881 
11.62 -576.705928 
11.63 -579.440147 
11.64 -582.180544 
11.65 -584.927125 
11.66 -587.679896 
11.67 -590.438863 
11.68 -593.204032 
11.69 -595.975409 
11.70 -598.753000 
11.71 -601.536811 
11.72 -604.326848 
11.73 -607.123117 
11.74 -609.925624 
11.75 -612.734375 
11.76 -615.549376 
11.77 -618.370633 
11.78 -621.198152 
11.79 -624.031939 
11.80 -626.872000 
11.81 -629.718341 
11.82 -632.570968 
11.83 -635.429887 
11.84 -638.295104 
11.85 -641.166625 
11.86 -644.044456 
11.87 -646.928603 
11.88 -649.819072 
11.89 -652.715869 
11.90 -655.619000 
11.91 -658.528471 
11.92 -661.444288 
11.93 -664.366457 
11.94 -667.294984 
11.95 -670.229875 
11.96 -673.171136 
11.97 -676.118773 
11.98 -679.072792 
11.99 -682.033199 
12.00 -685.000000 
12.01 -687.973201 
12.02 -690.952808 
12.03 -693.938827 
12.04 -696.931264 
12.05 -699.930125 
12.06 -702.935416 
12.07 -705.947143 
12.08 -708.965312 
12.09 -711.989929 
12.10 -715.021000 
12.11 -718.058531 
12.12 -721.102528 
12.13 -724.152997 
12.14 -727.209944 
12.15 -730.273375 
12.16 -733.343296 
12.17 -736.419713 
12.18 -739.502632 
12.19 -742.592059 
12.20 -745.688000 
12.21 -748.790461 
12.22 -751.899448 
12.23 -755.014967 
12.24 -758.137024 
12.25 -761.265625 
12.26 -764.400776 
12.27 -767.542483 
12.28 -770.690752 
12.29 -773.845589 
12.30 -777.007000 
12.31 -780.174991 
12.32 -783.349568 
12.33 -786.530737 
12.34 -789.718504 
12.35 -792.912875 
12.36 -796.113856 
12.37 -799.321453 
12.38 -802.535672 
12.39 -805.756519 
12.40 -808.984000 
12.41 -812.218121 
12.42 -815.458888 
12.43 -818.706307 
12.44 -821.960384 
12.45 -825.221125 
12.46 -828.488536 
12.47 -831.762623 
12.48 -835.043392 
12.49 -838.330849 
12.50 -841.625000 
12.51 -844.925851 
12.52 -848.233408 
12.53 -851.547677 
12.54 -854.868664 
12.55 -858.196375 
12.56 -861.530816 
12.57 -864.871993 
12.58 -868.219912 
12.59 -871.574579 
12.60 -874.936000 
12.61 -878.304181 
12.62 -881.679128 
12.63 -885.060847 
12.64 -888.449344 
12.65 -891.844625 
12.66 -895.246696 
12.67 -898.655563 
12.68 -902.071232 
12.69 -905.493709 
12.70 -908.923000 
12.71 -912.359111 
12.72 -915.802048 
12.73 -919.251817 
12.74 -922.708424 
12.75 -926.171875 
12.76 -929.642176 
12.77 -933.119333 
12.78 -936.603352 
12.79 -940.094239 
12.80 -943.592000 
12.81 -947.096641 
12.82 -950.608168 
12.83 -954.126587 
12.84 -957.651904 
12.85 -961.184125 
12.86 -964.723256 
12.87 -968.269303 
12.88 -971.822272 
12.89 -975.382169 
12.90 -978.949000 
12.91 -982.522771 
12.92 -986.103488 
12.93 -989.691157 
12.94 -993.285784 
12.95 -996.887375 
12.96 -1000.495936 
12.97 -1004.111473 
12.98 -1007.733992 
12.99 -1011.363499 
13.00 -1015.000000 
13.01 -1018.643501 
13.02 -1022.294008 
13.03 -1025.951527 
13.04 -1029.616064 
13.05 -1033.287625 
13.06 -1036.966216 
13.07 -1040.651843 
13.08 -1044.344512 
13.09 -1048.044229 
13.10 -1051.751000 
13.11 -1055.464831 
13.12 -1059.185728 
13.13 -1062.913697 
13.14 -1066.648744 
13.15 -1070.390875 
13.16 -1074.140096 
13.17 -1077.896413 
13.18 -1081.659832 
13.19 -1085.430359 
13.20 -1089.208000 
13.21 -1092.992761 
13.22 -1096.784648 
13.23 -1100.583667 
13.24 -1104.389824 
13.25 -1108.203125 
13.26 -1112.023576 
13.27 -1115.851183 
13.28 -1119.685952 
13.29 -1123.527889 
13.30 -1127.377000 
13.31 -1131.233291 
13.32 -1135.096768 
13.33 -1138.967437 
13.34 -1142.845304 
13.35 -1146.730375 
13.36 -1150.622656 
13.37 -1154.522153 
13.38 -1158.428872 
13.39 -1162.342819 
13.40 -1166.264000 
13.41 -1170.192421 
13.42 -1174.128088 
13.43 -1178.071007 
13.44 -1182.021184 
13.45 -1185.978625 
13.46 -1189.943336 
13.47 -1193.915323 
13.48 -1197.894592 
13.49 -1201.881149 
13.50 -1205.875000 
13.51 -1209.876151 
13.52 -1213.884608 
13.53 -1217.900377 
13.54 -1221.923464 
13.55 -1225.953875 
13.56 -1229.991616 
13.57 -1234.036693 
13.58 -1238.089112 
13.59 -1242.148879 
13.60 -1246.216000 
13.61 -1250.290481 
13.62 -1254.372328 
13.63 -1258.461547 
13.64 -1262.558144 
13.65 -1266.662125 
13.66 -1270.773496 
13.67 -1274.892263 
13.68 -1279.018432 
13.69 -1283.152009 
13.70 -1287.293000 
13.71 -1291.441411 
13.72 -1295.597248 
13.73 -1299.760517 
13.74 -1303.931224 
13.75 -1308.109375 
13.76 -1312.294976 
13.77 -1316.488033 
13.78 -1320.688552 
13.79 -1324.896539 
13.80 -1329.112000 
13.81 -1333.334941 
13.82 -1337.565368 
13.83 -1341.803287 
13.84 -1346.048704 
13.85 -1350.301625 
13.86 -1354.562056 
13.87 -1358.830003 
13.88 -1363.105472 
13.89 -1367.388469 
13.90 -1371.679000 
13.91 -1375.977071 
13.92 -1380.282688 
13.93 -1384.595857 
13.94 -1388.916584 
13.95 -1393.244875 
13.96 -1397.580736 
13.97 -1401.924173 
13.98 -1406.275192 
13.99 -1410.633799 
14.00 -1415.000000 
14.01 -1419.373801 
14.02 -1423.755208 
14.03 -1428.144227 
14.04 -1432.540864 
14.05 -1436.945125 
14.06 -1441.357016 
14.07 -1445.776543 
14.08 -1450.203712 
14.09 -1454.638529 
14.10 -1459.081000 
14.11 -1463.531131 
14.12 -1467.988928 
14.13 -1472.454397 
14.14 -1476.927544 
14.15 -1481.408375 
14.16 -1485.896896 
14.17 -1490.393113 
14.18 -1494.897032 
14.19 -1499.408659 
14.20 -1503.928000 
14.21 -1508.455061 
14.22 -1512.989848 
14.23 -1517.532367 
14.24 -1522.082624 
14.25 -1526.640625 
14.26 -1531.206376 
14.27 -1535.779883 
14.28 -1540.361152 
14.29 -1544.950189 
14.30 -1549.547000 
14.31 -1554.151591 
14.32 -1558.763968 
14.33 -1563.384137 
14.34 -1568.012104 
14.35 -1572.647875 
14.36 -1577.291456 
14.37 -1581.942853 
14.38 -1586.602072 
14.39 -1591.269119 
14.40 -1595.944000 
14.41 -1600.626721 
14.42 -1605.317288 
14.43 -1610.015707 
14.44 -1614.721984 
14.45 -1619.436125 
14.46 -1624.158136 
14.47 -1628.888023 
14.48 -1633.625792 
14.49 -1638.371449 
14.50 -1643.125000 
14.51 -1647.886451 
14.52 -1652.655808 
14.53 -1657.433077 
14.54 -1662.218264 
14.55 -1667.011375 
14.56 -1671.812416 
14.57 -1676.621393 
14.58 -1681.438312 
14.59 -1686.263179 
14.60 -1691.096000 
14.61 -1695.936781 
14.62 -1700.785528 
14.63 -1705.642247 
14.64 -1710.506944 
14.65 -1715.379625 
14.66 -1720.260296 
14.67 -1725.148963 
14.68 -1730.045632 
14.69 -1734.950309 
14.70 -1739.863000 
14.71 -1744.783711 
14.72 -1749.712448 
14.73 -1754.649217 
14.74 -1759.594024 
14.75 -1764.546875 
14.76 -1769.507776 
14.77 -1774.476733 
14.78 -1779.453752 
14.79 -1784.438839 
14.80 -1789.432000 
14.81 -1794.433241 
14.82 -1799.442568 
14.83 -1804.459987 
14.84 -1809.485504 
14.85 -1814.519125 
14.86 -1819.560856 
14.87 -1824.610703 
14.88 -1829.668672 
14.89 -1834.734769 
14.90 -1839.809000 
14.91 -1844.891371 
14.92 -1849.981888 
14.93 -1855.080557 
14.94 -1860.187384 
14.95 -1865.302375 
14.96 -1870.425536 
14.97 -1875.556873 
14.98 -1880.696392 
14.99 -1885.844099 
15.00 -1891.000000 
15.01 -1896.164101 
15.02 -1901.336408 
15.03 -1906.516927 
15.04 -1911.705664 
15.05 -1916.902625 
15.06 -1922.107816 
15.07 -1927.321243 
15.08 -1932.542912 
15.09 -1937.772829 
15.10 -1943.011000 
15.11 -1948.257431 
15.12 -1953.512128 
15.13 -1958.775097 
15.14 -1964.046344 
15.15 -1969.325875 
15.16 -1974.613696 
15.17 -1979.909813 
15.18 -1985.214232 
15.19 -1990.526959 
15.20 -1995.848000 
15.21 -2001.177361 
15.22 -2006.515048 
15.23 -2011.861067 
15.24 -2017.215424 
15.25 -2022.578125 
15.26 -2027.949176 
15.27 -2033.328583 
15.28 -2038.716352 
15.29 -2044.112489 
15.30 -2049.517000 
15.31 -2054.929891 
15.32 -2060.351168 
15.33 -2065.780837 
15.34 -2071.218904 
15.35 -2076.665375 
15.36 -2082.120256 
15.37 -2087.583553 
15.38 -2093.055272 
15.39 -2098.535419 
15.40 -2104.024000 
15.41 -2109.521021 
15.42 -2115.026488 
15.43 -2120.540407 
15.44 -2126.062784 
15.45 -2131.593625 
15.46 -2137.132936 
15.47 -2142.680723 
15.48 -2148.236992 
15.49 -2153.801749 
15.50 -2159.375000 
15.51 -2164.956751 
15.52 -2170.547008 
15.53 -2176.145777 
15.54 -2181.753064 
15.55 -2187.368875 
15.56 -2192.993216 
15.57 -2198.626093 
15.58 -2204.267512 
15.59 -2209.917479 
15.60 -2215.576000 
15.61 -2221.243081 
15.62 -2226.918728 
15.63 -2232.602947 
15.64 -2238.295744 
15.65 -2243.997125 
15.66 -2249.707096 
15.67 -2255.425663 
15.68 -2261.152832 
15.69 -2266.888609 
15.70 -2272.633000 
15.71 -2278.386011 
15.72 -2284.147648 
15.73 -2289.917917 
15.74 -2295.696824 
15.75 -2301.484375 
15.76 -2307.280576 
15.77 -2313.085433 
15.78 -2318.898952 
15.79 -2324.721139 
15.80 -2330.552000 
15.81 -2336.391541 
15.82 -2342.239768 
15.83 -2348.096687 
15.84 -2353.962304 
15.85 -2359.836625 
15.86 -2365.719656 
15.87 -2371.611403 
15.88 -2377.511872 
15.89 -2383.421069 
15.90 -2389.339000 
15.91 -2395.265671 
15.92 -2401.201088 
15.93 -2407.145257 
15.94 -2413.098184 
15.95 -2419.059875 
15.96 -2425.030336 
15.97 -2431.009573 
15.98 -2436.997592 
15.99 -2442.994399 
16.00 -2449.000000 
16.01 -2455.014401 
16.02 -2461.037608 
16.03 -2467.069627 
16.04 -2473.110464 
16.05 -2479.160125 
16.06 -2485.218616 
16.07 -2491.285943 
16.08 -2497.362112 
16.09 -2503.447129 
16.10 -2509.541000 
16.11 -2515.643731 
16.12 -2521.755328 
16.13 -2527.875797 
16.14 -2534.005144 
16.15 -2540.143375 
16.16 -2546.290496 
16.17 -2552.446513 
16.18 -2558.611432 
16.19 -2564.785259 
16.20 -2570.968000 
16.21 -2577.159661 
16.22 -2583.360248 
16.23 -2589.569767 
16.24 -2595.788224 
16.25 -2602.015625 
16.26 -2608.251976 
16.27 -2614.497283 
16.28 -2620.751552 
16.29 -2627.014789 
16.30 -2633.287000 
16.31 -2639.568191 
16.32 -2645.858368 
16.33 -2652.157537 
16.34 -2658.465704 
16.35 -2664.782875 
16.36 -2671.109056 
16.37 -2677.444253 
16.38 -2683.788472 
16.39 -2690.141719 
16.40 -2696.504000 
16.41 -2702.875321 
16.42 -2709.255688 
16.43 -2715.645107 
16.44 -2722.043584 
16.45 -2728.451125 
16.46 -2734.867736 
16.47 -2741.293423 
16.48 -2747.728192 
16.49 -2754.172049 
16.50 -2760.625000 
16.51 -2767.087051 
16.52 -2773.558208 
16.53 -2780.038477 
16.54 -2786.527864 
16.55 -2793.026375 
16.56 -2799.534016 
16.57 -2806.050793 
16.58 -2812.576712 
16.59 -2819.111779 
16.60 -2825.656000 
16.61 -2832.209381 
16.62 -2838.771928 
16.63 -2845.343647 
16.64 -2851.924544 
16.65 -2858.514625 
16.66 -2865.113896 
16.67 -2871.722363 
16.68 -2878.340032 
16.69 -2884.966909 
16.70 -2891.603000 
16.71 -2898.248311 
16.72 -2904.902848 
16.73 -2911.566617 
16.74 -2918.239624 
16.75 -2924.921875 
16.76 -2931.613376 
16.77 -2938.314133 
16.78 -2945.024152 
16.79 -2951.743439 
16.80 -2958.472000 
16.81 -2965.209841 
16.82 -2971.956968 
16.83 -2978.713387 
16.84 -2985.479104 
16.85 -2992.254125 
16.86 -2999.038456 
16.87 -3005.832103 
16.88 -3012.635072 
16.89 -3019.447369 
16.90 -3026.269000 
16.91 -3033.099971 
16.92 -3039.940288 
16.93 -3046.789957 
16.94 -3053.648984 
16.95 -3060.517375 
16.96 -3067.395136 
16.97 -3074.282273 
16.98 -3081.178792 
16.99 -3088.084699 
17.00 -3095.000000 
17.01 -3101.924701 
17.02 -3108.858808 
17.03 -3115.802327 
17.04 -3122.755264 
17.05 -3129.717625 
17.06 -3136.689416 
17.07 -3143.670643 
17.08 -3150.661312 
17.09 -3157.661429 
17.10 -3164.671000 
17.11 -3171.690031 
17.12 -3178.718528 
17.13 -3185.756497 
17.14 -3192.803944 
17.15 -3199.860875 
17.16 -3206.927296 
17.17 -3214.003213 
17.18 -3221.088632 
17.19 -3228.183559 
17.20 -3235.288000 
17.21 -3242.401961 
17.22 -3249.525448 
17.23 -3256.658467 
17.24 -3263.801024 
17.25 -3270.953125 
17.26 -3278.114776 
17.27 -3285.285983 
17.28 -3292.466752 
17.29 -3299.657089 
17.30 -3306.857000 
17.31 -3314.066491 
17.32 -3321.285568 
17.33 -3328.514237 
17.34 -3335.752504 
17.35 -3343.000375 
17.36 -3350.257856 
17.37 -3357.524953 
17.38 -3364.801672 
17.39 -3372.088019 
17.40 -3379.384000 
17.41 -3386.689621 
17.42 -3394.004888 
17.43 -3401.329807 
17.44 -3408.664384 
17.45 -3416.008625 
17.46 -3423.362536 
17.47 -3430.726123 
17.48 -3438.099392 
17.49 -3445.482349 
17.50 -3452.875000 
17.51 -3460.277351 
17.52 -3467.689408 
17.53 -3475.111177 
17.54 -3482.542664 
17.55 -3489.983875 
17.56 -3497.434816 
17.57 -3504.895493 
17.58 -3512.365912 
17.59 -3519.846079 
17.60 -3527.336000 
17.61 -3534.835681 
17.62 -3542.345128 
17.63 -3549.864347 
17.64 -3557.393344 
17.65 -3564.932125 
17.66 -3572.480696 
17.67 -3580.039063 
17.68 -3587.607232 
17.69 -3595.185209 
17.70 -3602.773000 
17.71 -3610.370611 
17.72 -3617.978048 
17.73 -3625.595317 
17.74 -3633.222424 
17.75 -3640.859375 
17.76 -3648.506176 
17.77 -3656.162833 
17.78 -3663.829352 
17.79 -3671.505739 
17.80 -3679.192000 
17.81 -3686.888141 
17.82 -3694.594168 
17.83 -3702.310087 
17.84 -3710.035904 
17.85 -3717.771625 
17.86 -3725.517256 
17.87 -3733.272803 
17.88 -3741.038272 
17.89 -3748.813669 
17.90 -3756.599000 
17.91 -3764.394271 
17.92 -3772.199488 
17.93 -3780.014657 
17.94 -3787.839784 
17.95 -3795.674875 
17.96 -3803.519936 
17.97 -3811.374973 
17.98 -3819.239992 
17.99 -3827.114999 
18.00 -3835.000000 
18.01 -3842.895001 
18.02 -3850.800008 
18.03 -3858.715027 
18.04 -3866.640064 
18.05 -3874.575125 
18.06 -3882.520216 
18.07 -3890.475343 
18.08 -3898.440512 
18.09 -3906.415729 
18.10 -3914.401000 
18.11 -3922.396331 
18.12 -3930.401728 
18.13 -3938.417197 
18.14 -3946.442744 
18.15 -3954.478375 
18.16 -3962.524096 
18.17 -3970.579913 
18.18 -3978.645832 
18.19 -3986.721859 
18.20 -3994.808000 
18.21 -4002.904261 
18.22 -4011.010648 
18.23 -4019.127167 
18.24 -4027.253824 
18.25 -4035.390625 
18.26 -4043.537576 
18.27 -4051.694683 
18.28 -4059.861952 
18.29 -4068.039389 
18.30 -4076.227000 
18.31 -4084.424791 
18.32 -4092.632768 
18.33 -4100.850937 
18.34 -4109.079304 
18.35 -4117.317875 
18.36 -4125.566656 
18.37 -4133.825653 
18.38 -4142.094872 
18.39 -4150.374319 
18.40 -4158.664000 
18.41 -4166.963921 
18.42 -4175.274088 
18.43 -4183.594507 
18.44 -4191.925184 
18.45 -4200.266125 
18.46 -4208.617336 
18.47 -4216.978823 
18.48 -4225.350592 
18.49 -4233.732649 
18.50 -4242.125000 
18.51 -4250.527651 
18.52 -4258.940608 
18.53 -4267.363877 
18.54 -4275.797464 
18.55 -4284.241375 
18.56 -4292.695616 
18.57 -4301.160193 
18.58 -4309.635112 
18.59 -4318.120379 
18.60 -4326.616000 
18.61 -4335.121981 
18.62 -4343.638328 
18.63 -4352.165047 
18.64 -4360.702144 
18.65 -4369.249625 
18.66 -4377.807496 
18.67 -4386.375763 
18.68 -4394.954432 
18.69 -4403.543509 
18.70 -4412.143000 
18.71 -4420.752911 
18.72 -4429.373248 
18.73 -4438.004017 
18.74 -4446.645224 
18.75 -4455.296875 
18.76 -4463.958976 
18.77 -4472.631533 
18.78 -4481.314552 
18.79 -4490.008039 
18.80 -4498.712000 
18.81 -4507.426441 
18.82 -4516.151368 
18.83 -4524.886787 
18.84 -4533.632704 
18.85 -4542.389125 
18.86 -4551.156056 
18.87 -4559.933503 
18.88 -4568.721472 
18.89 -4577.519969 
18.90 -4586.329000 
18.91 -4595.148571 
18.92 -4603.978688 
18.93 -4612.819357 
18.94 -4621.670584 
18.95 -4630.532375 
18.96 -4639.404736 
18.97 -4648.287673 
18.98 -4657.181192 
18.99 -4666.085299 
19.00 -4675.000000 
19.01 -4683.925301 
19.02 -4692.861208 
19.03 -4701.807727 
19.04 -4710.764864 
19.05 -4719.732625 
19.06 -4728.711016 
19.07 -4737.700043 
19.08 -4746.699712 
19.09 -4755.710029 
19.10 -4764.731000 
19.11 -4773.762631 
19.12 -4782.804928 
19.13 -4791.857897 
19.14 -4800.921544 
19.15 -4809.995875 
19.16 -4819.080896 
19.17 -4828.176613 
19.18 -4837.283032 
19.19 -4846.400159 
19.20 -4855.528000 
19.21 -4864.666561 
19.22 -4873.815848 
19.23 -4882.975867 
19.24 -4892.146624 
19.25 -4901.328125 
19.26 -4910.520376 
19.27 -4919.723383 
19.28 -4928.937152 
19.29 -4938.161689 
19.30 -4947.397000 
19.31 -4956.643091 
19.32 -4965.899968 
19.33 -4975.167637 
19.34 -4984.446104 
19.35 -4993.735375 
19.36 -5003.035456 
19.37 -5012.346353 
19.38 -5021.668072 
19.39 -5031.000619 
19.40 -5040.344000 
19.41 -5049.698221 
19.42 -5059.063288 
19.43 -5068.439207 
19.44 -5077.825984 
19.45 -5087.223625 
19.46 -5096.632136 
19.47 -5106.051523 
19.48 -5115.481792 
19.49 -5124.922949 
19.50 -5134.375000 
19.51 -5143.837951 
19.52 -5153.311808 
19.53 -5162.796577 
19.54 -5172.292264 
19.55 -5181.798875 
19.56 -5191.316416 
19.57 -5200.844893 
19.58 -5210.384312 
19.59 -5219.934679 
19.60 -5229.496000 
19.61 -5239.068281 
19.62 -5248.651528 
19.63 -5258.245747 
19.64 -5267.850944 
19.65 -5277.467125 
19.66 -5287.094296 
19.67 -5296.732463 
19.68 -5306.381632 
19.69 -5316.041809 
19.70 -5325.713000 
19.71 -5335.395211 
19.72 -5345.088448 
19.73 -5354.792717 
19.74 -5364.508024 
19.75 -5374.234375 
19.76 -5383.971776 
19.77 -5393.720233 
19.78 -5403.479752 
19.79 -5413.250339 
19.80 -5423.032000 
19.81 -5432.824741 
19.82 -5442.628568 
19.83 -5452.443487 
19.84 -5462.269504 
19.85 -5472.106625 
19.86 -5481.954856 
19.87 -5491.814203 
19.88 -5501.684672 
19.89 -5511.566269 
19.90 -5521.459000 
19.91 -5531.362871 
19.92 -5541.277888 
19.93 -5551.204057 
19.94 -5561.141384 
19.95 -5571.089875 
19.96 -5581.049536 
19.97 -5591.020373 
19.98 -5601.002392 
19.99 -5610.995599 
